38004046  	ABENHAMA	38010	38010	00038	1	9999	2	9998	0038
38003549  	ACACIAS	38006	38006	00038	1	9999	2	9998	0038
38003731  	ACENTEJO	38008	38008	00038	1	9999	2	9998	0038
38003430  	ADALBERTO BENITEZ TOGORES	38004	38004	00038	1	9999	2	9998	0038
38004047  	ADASSA	38010	38010	00038	1	9999	2	9998	0038
38003732  	ADEJE	38008	38008	00038	1	9999	2	9998	0038
38003291  	ADELANTADO	38002	38002	00038	1	9999	2	9998	0038
38003858  	AGUAJILBA	38009	38009	00038	1	9999	2	9998	0038
38004048  	AGUAMARINA	38010	38010	00038	1	9999	2	9998	0038
38003481  	AGUERE	38005	38005	00038	1	9999	2	9998	0038
38003550  	AGULO	38006	38006	00038	1	9999	2	9998	0038
38003656  	AGUSTIN ESPINOSA GARCIA	38007	38007	00038	1	9999	2	9998	0038
38003859  	AGUSTIN MILLARES CARLO	38009	38009	00038	1	9999	2	9998	0038
38003657  	ALBENIZ	38007	38007	00038	1	9999	2	9998	0038
38003480  	ALCALA GALIANO	38005	38005	00038	1	9999	2	9998	0038
38003658  	ALCALDE GARCIA RAMOS	38007	38007	00038	1	9999	2	9998	0038
38003659  	ALCALDE MANDILLO TEJERA	38007	38007	00038	1	9999	2	9998	0038
38003232  	ALEJANDRO CIORANESCU	38001	38001	00038	1	9999	2	9998	0038
38004049  	ALEJANDRO MAGNO	38010	38010	00038	1	9999	2	9998	0038
38003346  	ALFARO	38003	38003	00038	1	9999	2	9998	0038
38003290  	ALFEREZ PROVISIONAL	38002	38002	00038	1	9999	2	9998	0038
38003482  	ALICANTE	38005	38005	00038	1	9999	2	9998	0038
38003660  	ALMADI	38007	38007	00038	1	9999	2	9998	0038
38003233  	ALMEYDA	38001	38001	00038	1	9999	2	9998	0038
38003483  	ALMIRANTE DIAZ PIMIENTA	38005	38005	00038	1	9999	2	9998	0038
38003431  	ALVAREZ DE LUGO	38004	38004	00038	1	9999	2	9998	0038
38003484  	ALVARO RODRIGUEZ LOPEZ	38005	38005	00038	1	9999	2	9998	0038
38004050  	AMADIS	38010	38010	00038	1	9999	2	9998	0038
38003860  	AMAGAR	38009	38009	00038	1	9999	2	9998	0038
38004051  	AMATISTA	38010	38010	00038	1	9999	2	9998	0038
38004052  	AMBAR	38010	38010	00038	1	9999	2	9998	0038
38004053  	AMERICA	38010	38010	00038	1	9999	2	9998	0038
38003861  	AMERICO LOPEZ MENDEZ	38009	38009	00038	1	9999	2	9998	0038
38003862  	ANATAEL CABRERA	38009	38009	00038	1	9999	2	9998	0038
38003863  	ANATOLIO DE FUENTES GARCIA	38009	38009	00038	1	9999	2	9998	0038
38003551  	ANDAMIO	38006	38006	00038	1	9999	2	9998	0038
38003864  	ANDRES OROZCO BATISTA	38009	38009	00038	1	9999	2	9998	0038
38003485  	ANGEL AROCHA	38005	38005	00038	1	9999	2	9998	0038
38003347  	ANGEL GUIMERA	38003	38003	00038	1	9999	2	9998	0038
38003865  	ANGEL ROMERO	38009	38009	00038	1	9999	2	9998	0038
38003432  	ANSELMO BENITEZ	38004	38004	00038	1	9999	2	9998	0038
38003866  	ANSELMO DE MIRANDA Y VAZQUEZ	38009	38009	00038	1	9999	2	9998	0038
38003867  	ANTONIO CARBALLO COTANDA	38009	38009	00038	1	9999	2	9998	0038
38003292  	ANTONIO DE LARA Y ZARATE	38002	38002	00038	1	9999	2	9998	0038
38003486  	ANTONIO DE NEBRIJA	38005	38005	00038	1	9999	2	9998	0038
38003348  	ANTONIO DOMINGUEZ AFONSO	38003	38003	00038	1	9999	2	9998	0038
38003552  	ANTONIO GONZALEZ SUAREZ	38006	38006	00038	1	9999	2	9998	0038
38004054  	ANTONIO JOSE MELO Y NOVO	38010	38010	00038	1	9999	2	9998	0038
38003868  	ANTONIO LACUONA HARDISSON	38009	38009	00038	1	9999	2	9998	0038
38003869  	ANTONIO LOPEZ LOPEZ	38009	38009	00038	1	9999	2	9998	0038
38003661  	ANTONIO MACHADO	38007	38007	00038	1	9999	2	9998	0038
38003870  	ANTONIO PINTO Y OCETE	38009	38009	00038	1	9999	2	9998	0038
38003871  	ANTONIO VANDEWALLE PINTO	38009	38009	00038	1	9999	2	9998	0038
38003729  	ANTONIO VIÑA	38008	38008	00038	1	9999	2	9998	0038
38003872  	ANTONIO VIVANCOS SANTILLAN	38009	38009	00038	1	9999	2	9998	0038
38003873  	AÑAVINGO	38009	38009	00038	1	9999	2	9998	0038
38004055  	AÑEPA	38010	38010	00038	1	9999	2	9998	0038
38003734  	ARAFO	38008	38008	00038	1	9999	2	9998	0038
38003874  	ARAPILES	38009	38009	00038	1	9999	2	9998	0038
38003235  	ARAUCARIA	38001	38001	00038	1	9999	2	9998	0038
38004057  	ARCANGELES, LOS	38010	38010	00038	1	9999	2	9998	0038
38004058  	ARCIPRESTE DE HITA	38010	38010	00038	1	9999	2	9998	0038
38003875  	ARECIDA	38009	38009	00038	1	9999	2	9998	0038
38003662  	ARGÜAYO	38007	38007	00038	1	9999	2	9998	0038
38003735  	ARICO	38008	38008	00038	1	9999	2	9998	0038
38003876  	ARIDANE	38009	38009	00038	1	9999	2	9998	0038
38003736  	ARONA	38008	38008	00038	1	9999	2	9998	0038
38003286  	ARQUITECTO	38001	38001	00038	1	9999	2	9998	0038
38003229  	ARQUITECTO ALBERTO SARTORIS	38001	38001	00038	1	9999	2	9998	0038
38003651  	ARQUITECTO ENRIQUE RUMEU DE ARMAS	38006	38006	00038	1	9999	2	9998	0038
38003284  	ARQUITECTO MARRERO REGALADO	38001	38001	00038	1	9999	2	9998	0038
38003878  	ARTURO LOPEZ DE VERGARA	38009	38009	00038	1	9999	2	9998	0038
38003879  	ARURE	38009	38009	00038	1	9999	2	9998	0038
38003727  	ASUNCIONISTAS	38007	38007	00038	0	0	28	9998	0038
38003644  	ASUNCIONISTAS	38006	38006	00038	1	9999	2	26	0038
38003553  	ASUNCIONISTAS	38006	38006	00038	1	9999	2	9998	0038
38004059  	ATAHUALPA	38010	38010	00038	1	9999	2	9998	0038
38003554  	ATARJEA BLANCA	38006	38006	00038	1	9999	2	9998	0038
38003555  	ATARJEA TAHODIO	38006	38006	00038	1	9999	2	9998	0038
38003488  	AUREA DIAZ FLORES	38005	38005	00038	1	9999	2	9998	0038
38006467  	AURORA, LA	38010	38010	00038	1	9999	2	9998	0038
38004060  	AVELINO AROCHA	38010	38010	00038	1	9999	2	9998	0038
38004061  	AYATIMAS	38010	38010	00038	1	9999	2	9998	0038
38004062  	AZABACHE	38010	38010	00038	1	9999	2	9998	0038
38003556  	AZADA	38006	38006	00038	1	9999	2	9998	0038
38003880  	BACARAN	38009	38009	00038	1	9999	2	9998	0038
38003881  	BAILEN	38009	38009	00038	1	9999	2	9998	0038
38003882  	BARCELONA	38009	38009	00038	1	9999	2	9998	0038
38003433  	BARRANCO ASUNCIONISTAS	38004	38004	00038	1	9999	2	9998	0038
38004063  	BARRANCO DEL HIERRO	38010	38010	00038	1	9999	2	9998	0038
38003737  	BARRANCO MOLINA	38008	38008	00038	1	9999	2	9998	0038
38003426  	BARRANCO SANTO (GALCERAN AL MAR)	38003	38003	00038	0	0	2	14	0038
38003728  	BARRANCO SANTO, S/N (ASUNCIONISTAS AL PUENTE ZURITA)	38007	38007	00038	0	0	0	0	0038
38003427  	BARRANCO SANTO, S/N (GALCERAN HASTA ASUNCIONISTAS)	38004	38004	00038	0	0	0	0	0038
38003548  	BARRANCO SANTO, S/N (PUENTE ZURITA AL FINAL)	38006	38006	00038	0	0	0	0	0038
38004064  	BARRIADA CHIMISAY	38010	38010	00038	1	9999	2	9998	0038
38003738  	BARRIADA CUESTA DE PIEDRA	38008	38008	00038	1	9999	2	9998	0038
38004065  	BARRIADA JUAN XXIII	38010	38010	00038	1	9999	2	9998	0038
38004067  	BARRIADA SANTA CLARA	38010	38010	00038	1	9999	2	9998	0038
38003883  	BARRIO BUENOS AIRES	38009	38009	00038	1	9999	2	9998	0038
38004068  	BARRIO LAS DELICIAS	38010	38010	00038	1	9999	2	9998	0038
38003557  	BARRIO NUEVO	38006	38006	00038	1	9999	2	9998	0038
38004069  	BARRIO SAN ANTONIO	38010	38010	00038	1	9999	2	9998	0038
38003664  	BELGICA	38007	38007	00038	1	9999	2	9998	0038
38003665  	BELISARIO GUIMERA DEL CASTILLO VALERO	38007	38007	00038	1	9999	2	9998	0038
38003740  	BENAHOARE	38008	38008	00038	1	9999	2	9998	0038
38003434  	BENAVIDES	38004	38004	00038	1	9999	2	9998	0038
38004070  	BENCHEQUE	38010	38010	00038	1	9999	2	9998	0038
38004045  	BENEHARO	38010	38010	00038	1	9999	2	9998	0038
38003666  	BENITO PEREZ ARMAS	38007	38007	00038	1	9999	2	9998	0038
38004071  	BEÑESMEN	38010	38010	00038	1	9999	2	9998	0038
38003293  	BERNABE RODRIGUEZ	38002	38002	00038	1	9999	2	9998	0038
38003489  	BERNARDINO SEMAN	38005	38005	00038	1	9999	2	9998	0038
38003294  	BETHENCOURT ALFONSO	38002	38002	00038	1	9999	2	9998	0038
38003349  	BETHENCOURT Y MOLINA	38003	38003	00038	1	9999	2	9998	0038
38003667  	BLAS CABRERA	38007	38007	00038	1	9999	2	9998	0038
38003236  	BODEGAS	38001	38001	00038	1	9999	2	9998	0038
38003295  	BOUZA	38002	38002	00038	1	9999	2	9998	0038
38003885  	BRASIL	38009	38009	00038	1	9999	2	9998	0038
38003668  	BRAVO	38007	38007	00038	1	9999	2	9998	0038
38003350  	BRAVO MURILLO	38003	38003	00038	1	9999	2	9998	0038
38004072  	BRILLANTE	38010	38010	00038	1	9999	2	9998	0038
38003886  	BRUCH	38009	38009	00038	1	9999	2	9998	0038
38003887  	BUEN PASO	38009	38009	00038	1	9999	2	9998	0038
38003741  	BUENAVENTURA BONNET	38008	38008	00038	1	9999	2	9998	0038
38003742  	BUENAVISTA	38008	38008	00038	1	9999	2	9998	0038
38003351  	BUENOS AIRES	38003	38003	00038	1	51	2	78	0038
38003490  	BUENOS AIRES	38005	38005	00038	53	9999	80	9998	0038
38003435  	CAIRASCO	38004	38004	00038	1	9999	2	9998	0038
38003491  	CALDERON DE LA BARCA	38005	38005	00038	1	9999	2	9998	0038
38003352  	CALLAO DE LIMA	38003	38003	00038	1	19	2	34	0038
38003296  	CALLAO DE LIMA	38002	38002	00038	21	9999	36	9998	0038
38003558  	CALVO SOTELO	38006	38006	00038	1	9999	2	9998	0038
38003743  	CALZADILLA	38008	38008	00038	1	9999	2	9998	0038
38003492  	CAMELLO, EL	38005	38005	00038	1	9999	2	9998	0038
38003559  	CAMINO BARRANCO	38006	38006	00038	1	9999	2	9998	0038
38003888  	CAMINO DEL HIERRO	38009	38009	00038	1	9999	2	9998	0038
38003560  	CAMPITOS	38006	38006	00038	1	9999	2	9998	0038
38003561  	CAMPOAMOR	38006	38006	00038	1	9999	2	9998	0038
38003889  	CAMPOFRIO	38009	38009	00038	1	9999	2	9998	0038
38003353  	CANDELARIA	38003	38003	00038	1	9999	2	9998	0038
38003354  	CANDELARIA	38003	38003	00038	1	7	2	6	0038
38003297  	CANDELARIA	38002	38002	00038	9	9999	8	9998	0038
38003669  	CANDIDO LUIS GARCIA SANJUAN	38007	38007	00038	1	9999	2	9998	0038
38003670  	CANTOS CANARIOS	38007	38007	00038	1	9999	2	9998	0038
38003744  	CAÑADAS, LAS	38008	38008	00038	1	9999	2	9998	0038
38003563  	CAPITAN GOMEZ LANDERO	38006	38006	00038	1	9999	2	9998	0038
38004073  	CAPUCHINO	38010	38010	00038	1	9999	2	9998	0038
38003890  	CARACAS	38009	38009	00038	1	9999	2	9998	0038
38004074  	CARDENAL CISNEROS	38010	38010	00038	1	9999	2	9998	0038
38003237  	CARLOS CHEVILLY	38001	38001	00038	1	9999	2	9998	0038
38003238  	CARLOS J.R. HAMILTON	38001	38001	00038	1	9999	2	9998	0038
38003493  	CARMEN	38005	38005	00038	1	9999	2	9998	0038
38003436  	CASALON	38004	38004	00038	1	9999	2	9998	0038
38003494  	CASTELLON DE LA PLANA	38005	38005	00038	1	9999	2	9998	0038
38003298  	CASTILLO	38002	38002	00038	1	31	2	32	0038
38003356  	CASTILLO	38003	38003	00038	33	9999	34	9998	0038
38003437  	CASTRO	38004	38004	00038	1	7	2	34	0038
38003564  	CASTRO	38006	38006	00038	9	9999	36	9998	0038
38004075  	CAUPOLICAN	38010	38010	00038	1	9999	2	9998	0038
38004076  	CELIA NAVARRO TRUJILLO	38010	38010	00038	1	9999	2	9998	0038
38003344  	CENTRAL	38003	38003	00038	1	9999	2	9998	0038
38003566  	CERROJO	38006	38006	00038	1	9999	2	9998	0038
38003495  	CERVANTES	38005	38005	00038	1	9999	2	9998	0038
38003567  	CESTA	38006	38006	00038	1	9999	2	9998	0038
38003891  	CEUTA	38009	38009	00038	1	9999	2	9998	0038
38004077  	CHAMATO	38010	38010	00038	1	9999	2	9998	0038
38004078  	CHASNA	38010	38010	00038	1	9999	2	9998	0038
38004044  	CHEJELIPE	38009	38009	00038	1	9999	2	9998	0038
38003892  	CHIGUERGUE	38009	38009	00038	1	9999	2	9998	0038
38004079  	CHINCANAYRO	38010	38010	00038	1	9999	2	9998	0038
38003745  	CHIO	38008	38008	00038	1	9999	2	9998	0038
38003545  	CHURRUCA	38005	38005	00038	1	9999	2	9998	0038
38003568  	CIEN ESCALONES, LOS	38006	38006	00038	1	9999	2	9998	0038
38003746  	CIRCE	38008	38008	00038	1	9999	2	9998	0038
38003894  	CLAUDIO F. SARMIENTO	38009	38009	00038	1	9999	2	9998	0038
38003357  	CLAVEL, EL	38003	38003	00038	1	9999	2	9998	0038
38003569  	COLINAS DE BELLOMONTE	38006	38006	00038	1	9999	2	9998	0038
38003895  	COLOMBIA	38009	38009	00038	1	9999	2	9998	0038
38003896  	COMANDANTE MORENO UREÑA	38009	38009	00038	1	9999	2	9998	0038
38003570  	COMANDANTE SANCHEZ PINTO	38006	38006	00038	1	9999	2	9998	0038
38003299  	COMBATE	38002	38002	00038	1	9999	2	9998	0038
38003671  	COMODORO ROLIN	38007	38007	00038	1	9999	2	9998	0038
38003853  	CONCHA CASTRO	38008	38008	00038	1	9999	2	9998	0038
38003358  	CONCORDIA, LA	38003	38003	00038	1	9999	2	9998	0038
38004080  	CONDE DE PALLASAR	38010	38010	00038	1	9999	2	9998	0038
38003424  	CONSTITUCION	38003	38003	00038	1	9999	2	9998	0038
38004081  	CORAL	38010	38010	00038	1	9999	2	9998	0038
38004082  	CORAZON DE MARIA	38010	38010	00038	1	9999	2	9998	0038
38004083  	CORINTO	38010	38010	00038	1	9999	2	9998	0038
38003854  	CORNISA	38008	38008	00038	1	9999	2	9998	0038
38003438  	COSTA Y GRIJALBA	38004	38004	00038	1	9999	2	9998	0038
38003571  	CRISTINO DIAZ MARTINEZ	38006	38006	00038	1	9999	2	9998	0038
38003359  	CRUZ VERDE	38003	38003	00038	1	9999	2	9998	0038
38003730  	CUESTA DE PIEDRA	38008	38008	00038	1	9999	2	9998	0038
38006468  	CURVA EL ARCO IRIS	38010	38010	00038	1	9999	2	9998	0038
38003897  	DANIEL FERNANDEZ DEL CASTILLO	38009	38009	00038	1	9999	2	9998	0038
38003360  	DARIAS Y PADRON	38003	38003	00038	1	9999	2	9998	0038
38003898  	DAUTE	38009	38009	00038	1	9999	2	9998	0038
38004084  	DAVINCA	38010	38010	00038	1	9999	2	9998	0038
38004085  	DIAMANTE	38010	38010	00038	1	9999	2	9998	0038
38003439  	DIECIOCHO DE JULIO	38004	38004	00038	1	9999	2	9998	0038
38003572  	DIEGO CROSA	38006	38006	00038	1	9999	2	9998	0038
38004086  	DIEGO DE ALMAGRO	38010	38010	00038	1	9999	2	9998	0038
38003899  	DIEGO NICOLAS EDUARDO Y VILLARREAL	38009	38009	00038	1	9999	2	9998	0038
38003361  	DOCTOR ALLART	38003	38003	00038	1	9999	2	9998	0038
38003573  	DOCTOR CERVIA	38006	38006	00038	1	9999	2	9998	0038
38004087  	DOCTOR CONVINIANO RODRIGUEZ LOPEZ	38010	38010	00038	1	9999	2	9998	0038
38003900  	DOCTOR DOMINE	38009	38009	00038	1	9999	2	9998	0038
38003440  	DOCTOR FERNANDEZ BARAJAS VILCHES	38004	38004	00038	1	9999	2	9998	0038
38003497  	DOCTOR FERNANDO BARAJAS PRAT	38005	38005	00038	1	9999	2	9998	0038
38003574  	DOCTOR FLEMING	38006	38006	00038	1	9999	2	9998	0038
38006469  	DOCTOR FRANCISCO TRUJILLO CASTRO	38001	38001	00038	1	9999	2	9998	0038
38003441  	DOCTOR GONZALEZ COBIELLA	38004	38004	00038	1	9999	2	9998	0038
38003239  	DOCTOR GUIGOU	38001	38001	00038	1	9999	2	9998	0038
38003575  	DOCTOR HERIBERTO ARROYO	38006	38006	00038	1	9999	2	9998	0038
38003673  	DOCTOR JIMENEZ DIAZ	38007	38007	00038	1	9999	2	9998	0038
38003283  	DOCTOR JOSE NAVEIRAS	38001	38001	00038	0	0	2	34	0038
38003442  	DOCTOR JOSE NAVEIRAS	38004	38004	00038	1	9999	36	9998	0038
38003576  	DOCTOR MANUEL PAREJO MORENO	38006	38006	00038	1	9999	2	9998	0038
38003362  	DOCTOR MIGUEL LOPEZ GONZALEZ	38003	38003	00038	1	9999	2	9998	0038
38003240  	DOCTOR PABLOS ABRIL	38001	38001	00038	1	9999	2	9998	0038
38003578  	DOCTOR PASTEUR	38006	38006	00038	1	9999	2	9998	0038
38003241  	DOCTOR PERAZA DE AYALA	38001	38001	00038	1	9999	2	9998	0038
38003579  	DOCTOR PEREZ CAMACHO	38006	38006	00038	1	9999	2	9998	0038
38003580  	DOCTOR PISACA FERNANDEZ	38006	38006	00038	1	9999	2	9998	0038
38003747  	DOCTOR SALVADOR PEREZ LUZ	38008	38008	00038	1	9999	2	9998	0038
38003443  	DOCTOR WOLFFEL	38004	38004	00038	1	9999	2	9998	0038
38003581  	DOCTOR ZEROLO	38006	38006	00038	1	9999	2	9998	0038
38004088  	DOMINGO AROCHA	38010	38010	00038	1	9999	2	9998	0038
38003901  	DOMINGO BELLO ESPINOSA	38009	38009	00038	1	9999	2	9998	0038
38003582  	DOMINGO J. MANRIQUE	38006	38006	00038	1	9999	2	9998	0038
38004089  	DOMINGO MADAN	38010	38010	00038	1	9999	2	9998	0038
38003748  	DOMINGO PISACA BURGADA	38008	38008	00038	1	9999	2	9998	0038
38003902  	DOMINGO RODRIGUEZ RIVERO	38009	38009	00038	1	9999	2	9998	0038
38004090  	DOMINGO SALAZAR COLOGAN	38010	38010	00038	1	9999	2	9998	0038
38003444  	DUGGI	38004	38004	00038	1	65	2	56	0038
38003583  	DUGGI	38006	38006	00038	67	9999	58	9998	0038
38003903  	DULCE MARIA LOINAZ	38009	38009	00038	1	9999	2	9998	0038
38003584  	DUNANT	38006	38006	00038	1	9999	2	9998	0038
38003289  	DUQUE DE SANTA ELENA	38002	38002	00038	1	9999	2	9998	0038
38003904  	ECUADOR	38009	38009	00038	1	9999	2	9998	0038
38003419  	EDUARDO DOMINGUEZ AFONSO	38003	38003	00038	1	9999	2	9998	0038
38003749  	EDUARDO WESTERDAHL	38008	38008	00038	1	9999	2	9998	0038
38003498  	EDUARDO ZAMACOIS	38005	38005	00038	1	9999	2	9998	0038
38004091  	ELADIO AFONSO Y GONZALEZ	38010	38010	00038	1	9999	2	9998	0038
38003750  	ELADIO ROCA Y SALAZAR	38008	38008	00038	1	9999	2	9998	0038
38003499  	ELCANO	38005	38005	00038	1	9999	2	9998	0038
38004092  	ELIAS BACALLADO	38010	38010	00038	1	9999	2	9998	0038
38003674  	ELIAS MUJICA	38007	38007	00038	1	9999	2	9998	0038
38003905  	ELIAS SERRA RAFOLS	38009	38009	00038	1	9999	2	9998	0038
38003906  	ELISA GONZALEZ DE CHAVEZ	38009	38009	00038	1	9999	2	9998	0038
38004093  	ELISEO LOPEZ	38010	38010	00038	1	9999	2	9998	0038
38003300  	EMILIO CALZADILLA	38002	38002	00038	1	9999	2	9998	0038
38003363  	EMILIO LOPEZ	38003	38003	00038	1	9999	2	9998	0038
38003585  	EMILIO SERRA FERNANDEZ DE MORATIN	38006	38006	00038	1	9999	2	9998	0038
38003751  	EMILIO SERRA RIUS	38008	38008	00038	1	9999	2	9998	0038
38003586  	ENREDADERA	38006	38006	00038	1	9999	2	9998	0038
38003752  	ENRIQUE DE ANAGA	38008	38008	00038	1	9999	2	9998	0038
38003445  	ENRIQUE MARCOS DORTA	38004	38004	00038	1	9999	2	9998	0038
38003587  	ENRIQUE RUMEU DE ARMAS	38006	38006	00038	1	9999	2	9998	0038
38003588  	ENRIQUE WOLFSON	38006	38006	00038	1	27	2	8	0038
38003446  	ENRIQUE WOLFSON	38004	38004	00038	29	9999	10	9998	0038
38003907  	EPINA	38009	38009	00038	1	9999	2	9998	0038
38003364  	EQUIS, LA	38003	38003	00038	1	9999	2	9998	0038
38003908  	EQUIS, LA	38009	38009	00038	1	9999	2	9998	0038
38003500  	ERIC LIONEL FOX	38005	38005	00038	1	9999	2	9998	0038
38003910  	ERJOS	38009	38009	00038	1	9999	2	9998	0038
38003911  	ERNESTO ANASTASIO	38009	38009	00038	1	9999	2	9998	0038
38003912  	ERNESTO GROTH	38009	38009	00038	1	9999	2	9998	0038
38003589  	ESCALERITAS, LAS	38006	38006	00038	1	9999	2	9998	0038
38003645  	ESCUELAS PIAS	38006	38006	00038	1	9999	2	9998	0038
38004094  	ESMERALDA	38010	38010	00038	1	9999	2	9998	0038
38003590  	ESMERALDA CERVANTES	38006	38006	00038	1	9999	2	9998	0038
38003365  	ESPAÑA	38003	38003	00038	1	9999	2	9998	0038
38003243  	ESPERANTO	38001	38001	00038	1	9999	2	9998	0038
38003648  	ESTADO DE VIRGINIA	38006	38006	00038	1	9999	2	9998	0038
38003913  	ESTANISLAO BROTONS Y POVEDA	38009	38009	00038	1	9999	2	9998	0038
38003914  	EUSEBIO RAMOS Y GONZALEZ	38009	38009	00038	1	9999	2	9998	0038
38003915  	EVARISTO RAMOS	38009	38009	00038	1	9999	2	9998	0038
38003591  	FAICAN	38006	38006	00038	1	9999	2	9998	0038
38003753  	FASNIA	38008	38008	00038	1	9999	2	9998	0038
38004095  	FAYA	38010	38010	00038	1	9999	2	9998	0038
38003592  	FEBLES CAMPOS	38006	38006	00038	1	9999	2	9998	0038
38003916  	FEDERICO GARCIA LORCA	38009	38009	00038	1	9999	2	9998	0038
38004096  	FEIJOO	38010	38010	00038	1	9999	2	9998	0038
38003675  	FELIPE PEDRELL	38007	38007	00038	1	9999	2	9998	0038
38003917  	FELIPE RAVINA Y CASTRO	38009	38009	00038	1	9999	2	9998	0038
38003676  	FERMIN MORIN	38007	38007	00038	1	9999	2	9998	0038
38003501  	FERNANDEZ HERRERO	38005	38005	00038	1	9999	2	9998	0038
38003367  	FERNANDEZ NAVARRO	38003	38003	00038	1	9999	2	9998	0038
38003918  	FERNANDO AROZENA QUINTERO	38009	38009	00038	1	9999	2	9998	0038
38003447  	FERNANDO DE MASSY	38004	38004	00038	1	9999	2	9998	0038
38003593  	FERNANDO PRIMO DE RIVERA	38006	38006	00038	1	9999	2	9998	0038
38003920  	FILIPINAS	38009	38009	00038	1	9999	2	9998	0038
38003594  	FINCA EL GATO	38006	38006	00038	1	9999	2	9998	0038
38003244  	FINCA EL PARTIDO	38001	38001	00038	1	9999	2	9998	0038
38003754  	FINCA FELIPE	38008	38008	00038	1	9999	2	9998	0038
38003677  	FINCA INCIENSO	38007	38007	00038	1	9999	2	9998	0038
38004097  	FINCA LA MULTA	38010	38010	00038	1	9999	2	9998	0038
38004098  	FLORES, LAS	38010	38010	00038	1	9999	2	9998	0038
38003368  	FOMENTO	38003	38003	00038	1	9999	2	9998	0038
38003502  	FRAGATA DANMARK	38005	38005	00038	1	9999	2	9998	0038
38003755  	FRANCISCO AGUILAR Y AGUILAR	38008	38008	00038	1	9999	2	9998	0038
38003369  	FRANCISCO BONNIN	38003	38003	00038	1	9999	2	9998	0038
38003678  	FRANCISCO ESCOLAR	38007	38007	00038	1	9999	2	9998	0038
38003921  	FRANCISCO FERNANDEZ	38009	38009	00038	1	9999	2	9998	0038
38003448  	FRANCISCO GUERRERO CAZORLA	38004	38004	00038	1	9999	2	9998	0038
38003595  	FRANCISCO HERNANDEZ BARROSO	38006	38006	00038	1	9999	2	9998	0038
38003245  	FRANCISCO LA ROCHE	38001	38001	00038	1	9999	2	9998	0038
38003923  	FRANCISCO MARIA DE LEON	38009	38009	00038	1	9999	2	9998	0038
38003924  	FRANCISCO MARTINEZ VIERA	38009	38009	00038	1	9999	2	9998	0038
38003756  	FRANCISCO MEOQUI	38008	38008	00038	1	9999	2	9998	0038
38004099  	FRANCISCO MIRANDA	38010	38010	00038	1	9999	2	9998	0038
38003925  	FRANCISCO PIZARRO	38009	38009	00038	1	9999	2	9998	0038
38004100  	FRAY ANTONIO DE GUEVARA	38010	38010	00038	1	9999	2	9998	0038
38004101  	FRAY JUNIPERO SERRA	38010	38010	00038	1	9999	2	9998	0038
38003926  	FRAY LUIS DE GRANADA	38009	38009	00038	1	9999	2	9998	0038
38004102  	FRAY LUIS DE LEON	38010	38010	00038	1	9999	2	9998	0038
38003371  	FUENTES MORALES	38003	38003	00038	1	9999	2	9998	0038
38003449  	GALCERAN	38004	38004	00038	0	0	2	12	0038
38003372  	GALCERAN	38003	38003	00038	1	15	0	0	0038
38003503  	GALCERAN	38005	38005	00038	17	9999	14	9998	0038
38003246  	GALDAR	38001	38001	00038	1	9999	2	9998	0038
38003927  	GANDHI	38009	38009	00038	1	9999	2	9998	0038
38003679  	GANIVET	38007	38007	00038	1	9999	2	9998	0038
38004103  	GAÑIGO	38010	38010	00038	1	9999	2	9998	0038
38004104  	GARA Y JONAY	38010	38010	00038	1	9999	2	9998	0038
38003757  	GARACHICO	38008	38008	00038	1	9999	2	9998	0038
38003928  	GARCIA ESCAMEZ	38009	38009	00038	1	9999	2	9998	0038
38004043  	GARCIA ESCAMEZ	38009	38009	00038	1	9999	2	9998	0038
38003247  	GARCIA MORATO	38001	38001	00038	1	9999	2	9998	0038
38003504  	GARCILASO DE LA VEGA	38005	38005	00038	1	9999	2	9998	0038
38003248  	GASPAR FERNANDEZ	38001	38001	00038	1	9999	2	9998	0038
38003450  	GENERAL ANTEQUERA	38004	38004	00038	1	9999	2	9998	0038
38003596  	GENERAL FANJUL	38006	38006	00038	1	9999	2	9998	0038
38003649  	GENERAL FRANCO	38006	38006	00038	1	59	0	0	0038
38003477  	GENERAL FRANCO	38004	38004	00038	61	105	2	112	0038
38003285  	GENERAL FRANCO	38001	38001	00038	107	9999	114	9998	0038
38004041  	GENERAL GARCIA ESCAMEZ	38009	38009	00038	1	9999	2	9998	0038
38003597  	GENERAL GODED	38006	38006	00038	1	9999	2	9998	0038
38003373  	GENERAL GUTIERREZ	38003	38003	00038	1	9999	2	9998	0038
38003598  	GENERAL MOLA	38006	38006	00038	1	29	2	38	0038
38003680  	GENERAL MOLA	38007	38007	00038	31	9999	40	9998	0038
38003301  	GENERAL MORALES	38002	38002	00038	1	9999	2	9998	0038
38003451  	GENERAL MOSCARDO	38004	38004	00038	1	9999	2	9998	0038
38003429  	GENERAL O'DONNELL	38004	38004	00038	1	9999	2	9998	0038
38003452  	GENERAL PORLIER	38004	38004	00038	1	73	2	60	0038
38003599  	GENERAL PORLIER	38006	38006	00038	75	9999	62	9998	0038
38003475  	GENERAL RAMOS SERRANO	38004	38004	00038	1	7	2	9998	0038
38003600  	GENERAL SANJURJO	38006	38006	00038	1	9999	2	9998	0038
38003453  	GENERAL SERRANO	38004	38004	00038	1	63	2	76	0038
38003601  	GENERAL SERRANO	38006	38006	00038	65	9999	78	9998	0038
38003930  	GERONA	38009	38009	00038	1	9999	2	9998	0038
38003505  	GILBERTO CAYOL LOPEZ	38005	38005	00038	1	9999	2	9998	0038
38003681  	GLADIOLOS, LOS	38007	38007	00038	1	9999	2	9998	0038
38003506  	GONGORA	38005	38005	00038	1	9999	2	9998	0038
38003374  	GORO, EL	38003	38003	00038	1	9999	2	9998	0038
38003682  	GOYA	38007	38007	00038	1	9999	2	9998	0038
38004105  	GOYMAR	38010	38010	00038	1	9999	2	9998	0038
38003683  	GRACILIANO AFONSO	38007	38007	00038	1	9999	2	9998	0038
38003758  	GRANADILLA	38008	38008	00038	1	9999	2	9998	0038
38003684  	GRANADOS	38007	38007	00038	1	9999	2	9998	0038
38003507  	GRAVINA	38005	38005	00038	1	9999	2	9998	0038
38003685  	GRECO, EL	38007	38007	00038	1	9999	2	9998	0038
38003931  	GUADARRANQUE	38009	38009	00038	1	9999	2	9998	0038
38003932  	GUANARTEME	38009	38009	00038	1	9999	2	9998	0038
38003759  	GUANCHA, LA	38008	38008	00038	1	9999	2	9998	0038
38003760  	GUANCHE ZEBENZUY	38008	38008	00038	1	9999	2	9998	0038
38003761  	GUANICHEMAR	38008	38008	00038	1	9999	2	9998	0038
38003933  	GUARIMAR	38009	38009	00038	1	9999	2	9998	0038
38003934  	GUASIEGRE	38009	38009	00038	1	9999	2	9998	0038
38003763  	GUIA DE ISORA	38008	38008	00038	1	9999	2	9998	0038
38003764  	GUIMAR	38008	38008	00038	1	9999	2	9998	0038
38003508  	GUMERSINDO ROBAYNA GALVAN	38005	38005	00038	1	9999	2	9998	0038
38004106  	GUTIERREZ DE CETINA	38010	38010	00038	1	9999	2	9998	0038
38003509  	HELIODORO RODRIGUEZ GONZALEZ	38005	38005	00038	1	9999	2	9998	0038
38003510  	HELIODORO RODRIGUEZ LOPEZ	38005	38005	00038	1	9999	2	9998	0038
38003602  	HENRY DUNANT	38006	38006	00038	1	9999	2	9998	0038
38004107  	HERMANO PEDRO	38010	38010	00038	1	9999	2	9998	0038
38003511  	HERMANOS LOGMAN	38005	38005	00038	1	9999	2	9998	0038
38003935  	HERMANOS MAFFIOTTE	38009	38009	00038	1	9999	2	9998	0038
38004108  	HERMANOS PINZON	38010	38010	00038	1	9999	2	9998	0038
38003765  	HEROS	38008	38008	00038	1	9999	2	9998	0038
38003936  	HERRAIZ MALO	38009	38009	00038	1	9999	2	9998	0038
38004110  	HIEDRAS	38010	38010	00038	1	9999	2	9998	0038
38003375  	HONDURAS	38003	38003	00038	1	9999	2	9998	0038
38003603  	HORACIO NELSON	38006	38006	00038	1	9999	2	9998	0038
38003376  	HUERTA, LA	38003	38003	00038	1	9999	2	9998	0038
38003377  	HUMO, EL	38003	38003	00038	1	9999	2	9998	0038
38004111  	HURTADO DE MENDOZA	38010	38010	00038	1	9999	2	9998	0038
38003766  	ICOD	38008	38008	00038	1	9999	2	9998	0038
38003378  	IGLESIA	38003	38003	00038	1	9999	2	9998	0038
38003938  	ILDEFONSO CRUZ RODRIGUEZ	38009	38009	00038	1	9999	2	9998	0038
38003379  	IMELDO SERIS	38003	38003	00038	1	9999	2	9998	0038
38003767  	INDIAS, CONJUNTO RESIDENCIAL	38008	38008	00038	1	9999	2	9998	0038
38004112  	INFANTE JUAN MANUEL	38010	38010	00038	1	9999	2	9998	0038
38003454  	IRIARTE	38004	38004	00038	1	9999	2	9998	0038
38003302  	IRINEO GONZALEZ	38002	38002	00038	1	9999	2	9998	0038
38003303  	ISABEL II	38002	38002	00038	1	9999	2	9998	0038
38003939  	ISIDORO LUZ CARPENTER	38009	38009	00038	1	9999	2	9998	0038
38003604  	ISLA DE GOMERA	38006	38006	00038	1	9999	2	9998	0038
38003605  	ISLA DE LA GOMERA	38006	38006	00038	1	9999	2	9998	0038
38003380  	ISLA DE LA MADERA	38003	38003	00038	1	9999	2	9998	0038
38003941  	IZQUIERDO AZCARATE	38009	38009	00038	1	9999	2	9998	0038
38003942  	JACINTO CASARIEGO CHIRLANDA	38009	38009	00038	1	9999	2	9998	0038
38004113  	JADE	38010	38010	00038	1	9999	2	9998	0038
38003381  	JESUS NAZARENO	38003	38003	00038	1	39	8	34	0038
38003304  	JESUS NAZARENO	38002	38002	00038	41	9999	36	9998	0038
38003455  	JESUS Y MARIA	38004	38004	00038	1	9999	2	9998	0038
38003654  	JOAQUIN AMIGO DE LARA	38007	38007	00038	1	9999	2	9998	0038
38003686  	JORGE GUEZALA	38007	38007	00038	1	9999	2	9998	0038
38003512  	JORGE MANRIQUE	38005	38005	00038	1	9999	2	9998	0038
38003382  	JOSE ANTONIO PRIMO DE RIVERA	38003	38003	00038	1	9999	2	9998	0038
38003943  	JOSE BLASCO ROBLES	38009	38009	00038	1	9999	2	9998	0038
38003687  	JOSE CALZADILLA DELAHANTY	38007	38007	00038	1	9999	2	9998	0038
38003768  	JOSE CARLOS SCHWARTZ	38008	38008	00038	1	9999	2	9998	0038
38003944  	JOSE CROSA	38009	38009	00038	1	9999	2	9998	0038
38003688  	JOSE CUBILES	38007	38007	00038	1	9999	2	9998	0038
38003249  	JOSE DE ZARATE Y PENICHE	38001	38001	00038	1	9999	2	9998	0038
38003945  	JOSE ESPEJO	38009	38009	00038	1	9999	2	9998	0038
38003946  	JOSE ESPINOSA CAMBRELENG	38009	38009	00038	1	9999	2	9998	0038
38003769  	JOSE FONSPERTIUS	38008	38008	00038	1	9999	2	9998	0038
38003383  	JOSE HERNANDEZ ALFONSO	38003	38003	00038	1	9999	2	9998	0038
38003770  	JOSE LIBRERO	38008	38008	00038	1	9999	2	9998	0038
38003771  	JOSE LUIS DE MIRANDA	38008	38008	00038	1	9999	2	9998	0038
38003948  	JOSE MALDONADO DOGOUR	38009	38009	00038	1	9999	2	9998	0038
38003384  	JOSE MANUEL GUIMERA	38003	38003	00038	1	9999	2	9998	0038
38003513  	JOSE MARIA DE VILLA	38005	38005	00038	1	9999	2	9998	0038
38003250  	JOSE MARTI	38001	38001	00038	1	9999	2	9998	0038
38003949  	JOSE MIGUEL GALVAN BELLO	38009	38009	00038	1	9999	2	9998	0038
38003305  	JOSE MURPHY	38002	38002	00038	1	9999	2	9998	0038
38003950  	JOSE PEÑA HERNANDEZ	38009	38009	00038	1	9999	2	9998	0038
38003689  	JOSE PLACIDO SANSON	38007	38007	00038	1	9999	2	9998	0038
38003772  	JOSE RODRIGUEZ MOURE	38008	38008	00038	1	9999	2	9998	0038
38006470  	JOSE RODRIGUEZ RAMIREZ	38005	38005	00038	1	9999	2	9998	0038
38003951  	JOSE VICTOR DOMINGUEZ	38009	38009	00038	1	9999	2	9998	0038
38004114  	JUAN ALBORNOZ SOMBRITA	38010	38010	00038	1	9999	2	9998	0038
38003690  	JUAN ALVAREZ DELGADO	38007	38007	00038	1	9999	2	9998	0038
38003385  	JUAN ALVAREZ GARCIA	38003	38003	00038	1	9999	2	9998	0038
38003952  	JUAN BAUTISTA ACEVEDO	38009	38009	00038	1	9999	2	9998	0038
38003773  	JUAN DE AGUILAR	38008	38008	00038	1	9999	2	9998	0038
38003953  	JUAN DE AVILA	38009	38009	00038	1	9999	2	9998	0038
38004115  	JUAN DE GARAY	38010	38010	00038	1	9999	2	9998	0038
38004116  	JUAN DE GRIJALBA	38010	38010	00038	1	9999	2	9998	0038
38004117  	JUAN DE MARIANA	38010	38010	00038	1	9999	2	9998	0038
38003954  	JUAN DE MATTOS Y AZOFRA	38009	38009	00038	1	9999	2	9998	0038
38003691  	JUAN DE MIRANDA	38007	38007	00038	1	9999	2	9998	0038
38003774  	JUAN FERIA CONCEPCION	38008	38008	00038	1	9999	2	9998	0038
38003775  	JUAN GARCIA ALVAREZ	38008	38008	00038	1	9999	2	9998	0038
38004118  	JUAN GONZALEZ TRUJILLO	38010	38010	00038	1	9999	2	9998	0038
38003956  	JUAN MARTI	38009	38009	00038	1	9999	2	9998	0038
38003456  	JUAN P. ALONSO RODRIGUEZ	38004	38004	00038	1	9999	2	9998	0038
38003306  	JUAN PADRON	38002	38002	00038	1	5	2	8	0038
38003386  	JUAN PADRON	38003	38003	00038	7	9999	10	9998	0038
38006471  	JUAN PEDRO DAVILA GARCÍA	38009	38009	00038	1	9999	2	9998	0038
38003606  	JUAN PEREZ DELGADO (NIJOTA)	38006	38006	00038	1	9999	2	9998	0038
38003692  	JUAN RAMON JIMENEZ	38007	38007	00038	1	9999	2	9998	0038
38003957  	JUAN RAVINA MENDEZ	38009	38009	00038	1	9999	2	9998	0038
38004119  	JUAN RODRIGUEZ SANTOS	38010	38010	00038	1	9999	2	9998	0038
38003776  	JUAN RUMEU GARCIA	38008	38008	00038	1	9999	2	9998	0038
38003958  	JUAN VERA TERAN	38009	38009	00038	1	9999	2	9998	0038
38004120  	JUAN XXIII	38010	38010	00038	1	9999	2	9998	0038
38003959  	JUAN YANES PERDOMO	38009	38009	00038	1	9999	2	9998	0038
38003607  	JULIO TOVAR	38006	38006	00038	1	9999	2	9998	0038
38003230  	JUNTA OBRAS DEL PUERTO	38001	38001	00038	1	9999	2	9998	0038
38003778  	LAURA DE LA PUERTA	38008	38008	00038	1	9999	2	9998	0038
38003251  	LAUREL	38001	38001	00038	1	9999	2	9998	0038
38003252  	LAVADEROS, DE LOS	38001	38001	00038	1	9999	2	9998	0038
38003608  	LECHERAS, LAS	38006	38006	00038	1	9999	2	9998	0038
38003514  	LEGAZPI	38005	38005	00038	1	9999	2	9998	0038
38003779  	LEOCADIO MACHADO	38008	38008	00038	1	9999	2	9998	0038
38003960  	LEONARDO TORRIANI	38009	38009	00038	1	9999	2	9998	0038
38003387  	LEONCIO RODRIGUEZ	38003	38003	00038	1	45	2	26	0038
38003515  	LEONCIO RODRIGUEZ	38005	38005	00038	47	9999	28	9998	0038
38003780  	LEOPOLDO DE LA ROSA	38008	38008	00038	1	9999	2	9998	0038
38003516  	LEPANTO	38005	38005	00038	1	9999	2	9998	0038
38003388  	LLANOS, LOS	38003	38003	00038	1	9999	2	9998	0038
38003610  	LOMA, LA	38006	38006	00038	1	9999	2	9998	0038
38003961  	LOMO DEL BALO	38009	38009	00038	1	9999	2	9998	0038
38003517  	LOPE DE VEGA	38005	38005	00038	1	9999	2	9998	0038
38003781  	LORENZO GARCIA DEL CASTILLO	38008	38008	00038	1	9999	2	9998	0038
38003782  	LORENZO TOLOSA	38008	38008	00038	1	9999	2	9998	0038
38003518  	LUIS ALVAREZ CRUZ	38005	38005	00038	1	9999	2	9998	0038
38003693  	LUIS DE LA CRUZ	38007	38007	00038	1	9999	2	9998	0038
38003611  	LUIS DIEGO CUSCOY	38006	38006	00038	1	9999	2	9998	0038
38003962  	LUIS EXTREMERA	38009	38009	00038	1	9999	2	9998	0038
38003783  	LUIS SEGUNDO ROMAN Y ELGUETA	38008	38008	00038	1	9999	2	9998	0038
38003519  	LUIS VIVES	38005	38005	00038	1	9999	2	9998	0038
38003307  	LUNA, LA	38002	38002	00038	1	9999	2	9998	0038
38003963  	LUQUE ALCALA	38009	38009	00038	1	9999	2	9998	0038
38003784  	MACARIO PEÑA ACOSTA	38008	38008	00038	1	9999	2	9998	0038
38004121  	MADE	38010	38010	00038	1	9999	2	9998	0038
38004122  	MAESTRO BORGUÑO	38010	38010	00038	1	9999	2	9998	0038
38004123  	MAESTRO ESTANY	38010	38010	00038	1	9999	2	9998	0038
38003520  	MAGALLANES	38005	38005	00038	1	9999	2	9998	0038
38004124  	MAGEC	38010	38010	00038	1	9999	2	9998	0038
38003785  	MAGISTRADO HERNANDEZ DIAZ	38008	38008	00038	1	9999	2	9998	0038
38003546  	MAGO	38005	38005	00038	1	9999	2	9998	0038
38003695  	MALDONADO	38007	38007	00038	1	9999	2	9998	0038
38004125  	MALINCHE	38010	38010	00038	1	9999	2	9998	0038
38003696  	MANUEL DE FALLA	38007	38007	00038	1	9999	2	9998	0038
38003786  	MANUEL GARCIA CALVERAS	38008	38008	00038	1	9999	2	9998	0038
38003787  	MANUEL LOPEZ RUIZ	38008	38008	00038	1	9999	2	9998	0038
38003788  	MANUEL ORAA AROCHA	38008	38008	00038	1	9999	2	9998	0038
38003612  	MANUEL VELAZQUEZ CABRERA	38006	38006	00038	1	9999	2	9998	0038
38003613  	MANUEL VERDUGO	38006	38006	00038	1	9999	2	9998	0038
38004126  	MAPUCHE	38010	38010	00038	1	9999	2	9998	0038
38003253  	MARAÑUELAS	38001	38001	00038	1	9999	2	9998	0038
38003965  	MARCOS PERAZA Y VEGA	38009	38009	00038	1	9999	2	9998	0038
38003389  	MARCOS REDONDO	38003	38003	00038	1	9999	2	9998	0038
38003457  	MARIA CRISTINA	38004	38004	00038	1	9999	2	9998	0038
38003254  	MARIA MERIDA PEREZ	38001	38001	00038	1	9999	2	9998	0038
38003966  	MARIA ROSA ALONSO	38009	38009	00038	1	9999	2	9998	0038
38003288  	MARINA, LA	38002	38002	00038	1	29	2	14	0038
38003287  	MARINA, LA	38001	38001	00038	31	9999	16	9998	0038
38003967  	MARIO AROZENA	38009	38009	00038	1	9999	2	9998	0038
38003614  	MARISOL MARIN	38006	38006	00038	1	9999	2	9998	0038
38004042  	MARRERO TORRES	38009	38009	00038	1	9999	2	9998	0038
38003968  	MASCA	38009	38009	00038	1	9999	2	9998	0038
38003697  	MASSANET	38007	38007	00038	1	9999	2	9998	0038
38003789  	MATANZA, LA	38008	38008	00038	1	9999	2	9998	0038
38003969  	MATIAS DEL CASTILLO IRIARTE	38009	38009	00038	1	9999	2	9998	0038
38003615  	MATILDE MARTIN	38006	38006	00038	1	9999	2	9998	0038
38004127  	MAXIMINO ACEA PERDOMO	38010	38010	00038	1	9999	2	9998	0038
38003970  	MAYORGA	38009	38009	00038	1	9999	2	9998	0038
38003971  	MEJICO	38009	38009	00038	1	9999	2	9998	0038
38003972  	MELCHOR CANO	38009	38009	00038	1	9999	2	9998	0038
38003790  	MENCEY ACAYMO	38008	38008	00038	1	9999	2	9998	0038
38003791  	MENCEY BENCOMO	38008	38008	00038	1	9999	2	9998	0038
38003792  	MENCEY BENEHARO	38008	38008	00038	1	9999	2	9998	0038
38003793  	MENCEY BENTENUYA	38008	38008	00038	1	9999	2	9998	0038
38003794  	MENCEY IMOBAC	38008	38008	00038	1	9999	2	9998	0038
38003795  	MENCEY VENTOR	38008	38008	00038	1	9999	2	9998	0038
38003973  	MENCEY, DEL	38009	38009	00038	1	9999	2	9998	0038
38003308  	MENDEZ NUÑEZ	38002	38002	00038	0	0	40	80	0038
38003391  	MENDEZ NUÑEZ	38003	38003	00038	1	19	2	38	0038
38003255  	MENDEZ NUÑEZ	38001	38001	00038	21	9999	82	9998	0038
38004129  	MIGUEL BOSQ	38010	38010	00038	1	9999	2	9998	0038
38003698  	MIGUEL HERNANDEZ	38007	38007	00038	1	9999	2	9998	0038
38003796  	MIGUEL SOTO	38008	38008	00038	1	9999	2	9998	0038
38004130  	MIGUEL ZEROLO FUENTES	38010	38010	00038	1	9999	2	9998	0038
38003309  	MILICIAS DE GARACHICO	38002	38002	00038	1	9999	2	9998	0038
38003392  	MIRAFLORES	38003	38003	00038	1	9999	2	9998	0038
38003974  	MODESTO VIDARTE	38009	38009	00038	1	9999	2	9998	0038
38003975  	MOLERIO	38009	38009	00038	1	9999	2	9998	0038
38003521  	MOLINOS, LOS	38005	38005	00038	1	9999	2	9998	0038
38003522  	MOLOWNY	38005	38005	00038	1	9999	2	9998	0038
38003523  	MONJAS, LAS	38005	38005	00038	1	9999	2	9998	0038
38003524  	MONTES DE OCA	38005	38005	00038	1	9999	2	9998	0038
38003616  	MONTURRIO	38006	38006	00038	1	9999	2	9998	0038
38003256  	MUELLE RIBERA	38001	38001	00038	1	9999	2	9998	0038
38003310  	MUELLE SUR	38002	38002	00038	1	9999	2	9998	0038
38003699  	MUÑOZ SECA	38007	38007	00038	1	9999	2	9998	0038
38003700  	MURILLO	38007	38007	00038	1	9999	2	9998	0038
38003525  	NEBRIJA	38005	38005	00038	1	9999	2	9998	0038
38003976  	NICARAGUA	38009	38009	00038	1	9999	2	9998	0038
38003393  	NICOLAS ESTEVANEZ	38003	38003	00038	1	9999	2	9998	0038
38003977  	NICOLAS GONZALEZ SOPRANIS	38009	38009	00038	1	9999	2	9998	0038
38003978  	NICOLAS PAQUET	38009	38009	00038	1	9999	2	9998	0038
38003701  	NIVARIA	38007	38007	00038	1	9999	2	9998	0038
38003979  	NOPALERA, LA	38009	38009	00038	1	9999	2	9998	0038
38003423  	NORIA, LA	38003	38003	00038	1	9999	2	9998	0038
38003311  	NUMANCIA	38002	38002	00038	1	11	2	12	0038
38003458  	NUMANCIA	38004	38004	00038	13	9999	14	9998	0038
38003526  	NUÑEZ DE BALBOA	38005	38005	00038	1	9999	2	9998	0038
38003980  	NUÑEZ DE LA PEÑA	38009	38009	00038	1	9999	2	9998	0038
38003617  	OBISPO PEREZ CACERES	38006	38006	00038	1	9999	2	9998	0038
38003312  	OJEDA	38002	38002	00038	1	9999	2	9998	0038
38003652  	OLIVER	38006	38006	00038	1	9999	2	9998	0038
38003394  	OLIVERA	38003	38003	00038	1	9999	2	9998	0038
38004132  	OLIVINA	38010	38010	00038	1	9999	2	9998	0038
38004133  	ONICE	38010	38010	00038	1	9999	2	9998	0038
38004134  	OPALO	38010	38010	00038	1	9999	2	9998	0038
38003981  	ORCHILLA	38009	38009	00038	1	9999	2	9998	0038
38003527  	ORELLANA	38005	38005	00038	1	9999	2	9998	0038
38003798  	OROTAVA, LA	38008	38008	00038	1	9999	2	9998	0038
38003702  	ORTEGA Y GASSET	38007	38007	00038	1	9999	2	9998	0038
38003982  	OSCAR DOMINGUEZ	38009	38009	00038	1	9999	2	9998	0038
38003528  	PADRE ANCHIETA	38005	38005	00038	1	9999	2	9998	0038
38003395  	PALMA, LA	38003	38003	00038	1	9999	2	9998	0038
38003983  	PANAMA	38009	38009	00038	1	9999	2	9998	0038
38003704  	PARQUE DE LA GRANJA	38007	38007	00038	1	9999	2	9998	0038
38003459  	PARQUE GARCIA SANABRIA	38004	38004	00038	1	9999	2	9998	0038
38003345  	PARTICULAR DE PADRON	38003	38003	00038	1	9999	2	9998	0038
38003705  	PATRICIO ANRAM DE PRADO	38007	38007	00038	1	9999	2	9998	0038
38003313  	PATRICIO ESTEVANEZ	38002	38002	00038	1	9999	2	9998	0038
38003984  	PATRICIO GARCIA	38009	38009	00038	1	9999	2	9998	0038
38003799  	PATRICIO MADAN	38008	38008	00038	1	9999	2	9998	0038
38003314  	PATRIOTISMO	38002	38002	00038	1	9999	2	9998	0038
38003647  	PAZ	38006	38006	00038	1	9999	2	9998	0038
38003800  	PEDRO BERNARDO FORSTALL	38008	38008	00038	1	9999	2	9998	0038
38004136  	PEDRO DOBLADO CLAVERIE	38010	38010	00038	1	9999	2	9998	0038
38003985  	PEDRO JOSE DE MENDIZABAL	38009	38009	00038	1	9999	2	9998	0038
38003257  	PEDRO PEREZ DIAZ	38001	38001	00038	1	9999	2	9998	0038
38003618  	PEDRO PINTO DE LA ROSA	38006	38006	00038	1	9999	2	9998	0038
38003460  	PEDRO SCHWARTZ	38004	38004	00038	1	9999	2	9998	0038
38003801  	PEDRO SUAREZ AVELLANEDA	38008	38008	00038	1	9999	2	9998	0038
38003986  	PEDRO SUAREZ HERNANDEZ	38009	38009	00038	1	9999	2	9998	0038
38003987  	PEDRO TARQUIS RODRIGUEZ	38009	38009	00038	1	9999	2	9998	0038
38003315  	PELIGROS	38002	38002	00038	1	9999	2	9998	0038
38003529  	PEPITA SERRADOR	38005	38005	00038	1	9999	2	9998	0038
38003461  	PEREZ DE ROZAS	38004	38004	00038	1	9999	2	9998	0038
38003316  	PEREZ GALDOS	38002	38002	00038	1	9999	2	9998	0038
38003988  	PEREZ SOTO	38009	38009	00038	1	9999	2	9998	0038
38003530  	PEREZ ZAMORA	38005	38005	00038	1	9999	2	9998	0038
38003396  	PI Y MARGALL	38003	38003	00038	1	25	2	28	0038
38003462  	PI Y MARGALL	38004	38004	00038	27	9999	30	9998	0038
38003989  	PICO VIEJO	38009	38009	00038	1	9999	2	9998	0038
38003258  	PIEDRAS LAS	38001	38001	00038	1	9999	2	9998	0038
38003317  	PILAR	38002	38002	00038	1	9999	2	9998	0038
38003990  	PINTOR GONZALEZ SUAREZ	38009	38009	00038	1	9999	2	9998	0038
38003259  	PINTOR JOSE AGUIAR	38001	38001	00038	1	9999	2	9998	0038
38003706  	PINTOR MARTIN GONZALEZ	38007	38007	00038	1	9999	2	9998	0038
38003707  	PINTOR RIBERA	38007	38007	00038	1	9999	2	9998	0038
38006472  	PINTOR TEODORO RIOS	38001	38001	00038	1	9999	2	9998	0038
38003708  	PIO BAROJA	38007	38007	00038	1	9999	2	9998	0038
38003260  	PISACA	38001	38001	00038	1	9999	2	9998	0038
38003991  	POETA FRANCISCO IZQUIERDO	38009	38009	00038	1	9999	2	9998	0038
38003992  	POETA GARCIA LORCA	38009	38009	00038	1	9999	2	9998	0038
38003993  	POETA GUTIERRREZ ARBELO	38009	38009	00038	1	9999	2	9998	0038
38006473  	POETA LUIS FERIA	38005	38005	00038	1	9999	2	9998	0038
38003531  	POETA PEDRO BETHENCOURT PADILLA	38005	38005	00038	1	9999	2	9998	0038
38003620  	POETA RODRIGUEZ HERRERA	38006	38006	00038	1	9999	2	9998	0038
38003621  	POETA TABARES BARTLET	38006	38006	00038	1	9999	2	9998	0038
38003622  	POETA TOMAS MORALES	38006	38006	00038	1	9999	2	9998	0038
38003994  	POETA TRUJILLO ARMAS	38009	38009	00038	1	9999	2	9998	0038
38003623  	POETA VIANA	38006	38006	00038	1	9999	2	9998	0038
38003624  	POETA ZEROLO	38006	38006	00038	1	9999	2	9998	0038
38003995  	POETAS HERMANOS MACHADO	38009	38009	00038	1	9999	2	9998	0038
38003996  	POETISA VICTORIANA BRIDOUX	38009	38009	00038	1	9999	2	9998	0038
38003709  	POGGI BORSOTTO	38007	38007	00038	1	9999	2	9998	0038
38003625  	POLEA	38006	38006	00038	1	9999	2	9998	0038
38004138  	PONCE DE LEON	38010	38010	00038	1	9999	2	9998	0038
38003463  	PORLIER	38004	38004	00038	1	73	2	60	0038
38003626  	PORLIER	38006	38006	00038	75	9999	62	9998	0038
38003627  	PRIMO DE RIVERA	38006	38006	00038	1	9999	2	9998	0038
38003802  	PRINCESA DACIL	38008	38008	00038	1	9999	2	9998	0038
38003803  	PRINCESA GUACIMARA	38008	38008	00038	1	9999	2	9998	0038
38003804  	PRINCESA GUAJARA	38008	38008	00038	1	9999	2	9998	0038
38003805  	PRINCESA GUAYARMINA	38008	38008	00038	1	9999	2	9998	0038
38003318  	PRINCIPE DE ASTURIAS	38002	38002	00038	1	9999	2	9998	0038
38003806  	PRINCIPE RUYMAN	38008	38008	00038	1	9999	2	9998	0038
38004139  	PRINCIPES DE ESPAÑA	38010	38010	00038	1	9999	2	9998	0038
38003807  	PRIVADA	38008	38008	00038	1	9999	2	9998	0038
38003261  	PROFESOR PERAZA DE AYALA	38001	38001	00038	1	9999	2	9998	0038
38003464  	PROGRESO	38004	38004	00038	1	9999	2	9998	0038
38003628  	PROSPERIDAD	38006	38006	00038	1	9999	2	9998	0038
38003629  	PUENTE DE ZURITA	38006	38006	00038	1	9999	2	9998	0038
38003397  	PUENTE DEL CABO	38003	38003	00038	1	9999	2	9998	0038
38003398  	PUENTE DEL GENERAL SERRADOR	38003	38003	00038	1	9999	2	9998	0038
38003808  	PUENTE JAVIER DE LOÑO PEREZ	38008	38008	00038	1	9999	2	9998	0038
38003399  	PUERTA CANSECO	38003	38003	00038	1	9999	2	9998	0038
38003809  	PUERTO DE LA CRUZ	38008	38008	00038	1	9999	2	9998	0038
38003319  	PUERTO ESCONDIDO	38002	38002	00038	1	9999	2	9998	0038
38003478  	PULIDO	38004	38004	00038	1	77	2	74	0038
38003650  	PULIDO	38006	38006	00038	79	9999	76	9998	0038
38003532  	QUEVEDO	38005	38005	00038	1	9999	2	9998	0038
38003400  	QUINTA, LA	38003	38003	00038	1	9999	2	9998	0038
38003998  	RABASA, LA	38009	38009	00038	1	9999	2	9998	0038
38003810  	RAFAEL AROCHA GUILLAMA	38008	38008	00038	1	9999	2	9998	0038
38003811  	RAFAEL CORTES	38008	38008	00038	1	9999	2	9998	0038
38003533  	RAFAEL HARDISSON SPOU	38005	38005	00038	1	7	2	12	0038
38003401  	RAFAEL HARDISSON SPOU	38003	38003	00038	9	9999	14	9998	0038
38003710  	RAMIRO DE MAEZTU	38007	38007	00038	1	9999	2	9998	0038
38003630  	RAMON GIL ROLDAN	38006	38006	00038	1	9999	2	9998	0038
38003711  	RAMON PEREZ DE AYALA	38007	38007	00038	1	9999	2	9998	0038
38003712  	RAMON TRUJILLO TORRES	38007	38007	00038	1	9999	2	9998	0038
38003476  	RAMON Y CAJAL	38004	38004	00038	7	41	10	54	0038
38003653  	RAMON Y CAJAL	38006	38006	00038	43	9999	56	9998	0038
38003262  	RAVINA	38001	38001	00038	1	9999	2	9998	0038
38003812  	REALEJOS, LOS	38008	38008	00038	1	9999	2	9998	0038
38003403  	REGLA	38003	38003	00038	1	9999	2	9998	0038
38003404  	REJA, LA	38003	38003	00038	1	9999	2	9998	0038
38003999  	REPUBLICA ARGENTINA	38009	38009	00038	1	9999	2	9998	0038
38003264  	REPUBLICA DE HONDURAS	38001	38001	00038	1	9999	2	9998	0038
38003534  	REPUBLICA DOMINICANA	38005	38005	00038	1	9999	2	9998	0038
38003713  	REYES CATOLICOS	38007	38007	00038	0	0	2	9998	0038
38003535  	REYES CATOLICOS	38005	38005	00038	1	9999	0	0	0038
38004000  	RIBADENEYRA	38009	38009	00038	1	9999	2	9998	0038
38003813  	RIBERA	38008	38008	00038	1	9999	2	9998	0038
38003631  	RIBERA, LA	38006	38006	00038	1	9999	2	9998	0038
38003814  	RIO BIDASOA	38008	38008	00038	1	9999	2	9998	0038
38003816  	RIO EBRO	38008	38008	00038	1	9999	2	9998	0038
38003817  	RIO GENIL	38008	38008	00038	1	9999	2	9998	0038
38003818  	RIO GUADALAVIAR	38008	38008	00038	1	9999	2	9998	0038
38003819  	RIO GUADALETE	38008	38008	00038	1	9999	2	9998	0038
38003820  	RIO GUADALHORCE	38008	38008	00038	1	9999	2	9998	0038
38003821  	RIO GUADALOPE	38008	38008	00038	1	9999	2	9998	0038
38003822  	RIO GUADALQUIVIR	38008	38008	00038	1	9999	2	9998	0038
38003823  	RIO GUADIANA	38008	38008	00038	1	9999	2	9998	0038
38003824  	RIO GUADIARO	38008	38008	00038	1	9999	2	9998	0038
38003825  	RIO JARAMA	38008	38008	00038	1	9999	2	9998	0038
38003826  	RIO JUCAR	38008	38008	00038	1	9999	2	9998	0038
38003827  	RIO LLOBREGAT	38008	38008	00038	1	9999	2	9998	0038
38003828  	RIO MIÑO	38008	38008	00038	1	9999	2	9998	0038
38003829  	RIO NALON	38008	38008	00038	1	9999	2	9998	0038
38003830  	RIO NERVION	38008	38008	00038	1	9999	2	9998	0038
38003831  	RIO PISUERGA	38008	38008	00038	1	9999	2	9998	0038
38003832  	RIO SEGRE	38008	38008	00038	1	9999	2	9998	0038
38003833  	RIO SEGURA	38008	38008	00038	1	9999	2	9998	0038
38003834  	RIO SIL	38008	38008	00038	1	9999	2	9998	0038
38003835  	RIO TAJO	38008	38008	00038	1	9999	2	9998	0038
38003836  	RIO TAMBRE	38008	38008	00038	1	9999	2	9998	0038
38003837  	RIO TER	38008	38008	00038	1	9999	2	9998	0038
38003838  	RIO TORMES	38008	38008	00038	1	9999	2	9998	0038
38003839  	RIO TURIA	38008	38008	00038	1	9999	2	9998	0038
38003405  	ROBAYNA	38003	38003	00038	1	15	2	12	0038
38003465  	ROBAYNA	38004	38004	00038	17	9999	14	9998	0038
38004140  	RODRIGO DE TRIANA	38010	38010	00038	1	9999	2	9998	0038
38004141  	ROMULO ALBERTO MARRERO	38010	38010	00038	1	9999	2	9998	0038
38003320  	ROSA, LA	38002	38002	00038	1	27	2	30	0038
38003265  	ROSA, LA	38001	38001	00038	29	9999	32	9998	0038
38004142  	ROSALES, LOS	38010	38010	00038	1	9999	2	9998	0038
38003406  	ROSARIO	38003	38003	00038	1	9999	2	9998	0038
38004143  	RUBI	38010	38010	00038	1	9999	2	9998	0038
38003321  	RUIZ DE PADRON	38002	38002	00038	1	9999	2	9998	0038
38003632  	RUIZ ZORRILLA	38006	38006	00038	1	9999	2	9998	0038
38003420  	SABINO BERTHELOT	38003	38003	00038	1	29	2	36	0038
38003340  	SABINO BERTHELOT	38002	38002	00038	31	9999	38	9998	0038
38003633  	SALAMANCA	38006	38006	00038	1	9999	2	9998	0038
38006449  	SALLE, LA	38003	38003	00038	27	27	0	0	0038
38006448  	SALLE, LA	38005	38005	00038	29	9999	0	0	0038
38004002  	SALMOR (SERVENTIA)	38009	38009	00038	1	9999	2	9998	0038
38003266  	SALUDO, EL	38001	38001	00038	1	9999	2	9998	0038
38003840  	SALVADOR PEREZ LUZ	38008	38008	00038	1	9999	2	9998	0038
38003267  	SAN ANTONIO	38001	38001	00038	1	9999	2	9998	0038
38004003  	SAN BERNARDO	38009	38009	00038	1	9999	2	9998	0038
38003421  	SAN CLEMENTE	38003	38003	00038	1	25	2	16	0038
38003341  	SAN CLEMENTE	38002	38002	00038	27	9999	18	9998	0038
38003634  	SAN CRISTOBAL	38006	38006	00038	1	9999	2	9998	0038
38004005  	SAN ELIAS	38009	38009	00038	1	9999	2	9998	0038
38004006  	SAN ENRIQUE	38009	38009	00038	1	9999	2	9998	0038
38004007  	SAN FELIPE	38009	38009	00038	1	9999	2	9998	0038
38003268  	SAN FERNANDO	38001	38001	00038	1	9999	2	9998	0038
38003322  	SAN FRANCISCO	38002	38002	00038	1	53	2	50	0038
38003269  	SAN FRANCISCO	38001	38001	00038	55	9999	52	9998	0038
38003407  	SAN FRANCISCO DE PAULA	38003	38003	00038	1	9999	2	9998	0038
38003270  	SAN FRANCISCO JAVIER	38001	38001	00038	1	9999	2	9998	0038
38003271  	SAN ISIDRO	38001	38001	00038	1	9999	2	9998	0038
38003324  	SAN JUAN BAUTISTA	38002	38002	00038	1	39	2	40	0038
38003537  	SAN JUAN BAUTISTE DE LA SALLE	38005	38005	00038	1	9999	2	9998	0038
38004008  	SAN JUAN DE DIOS	38009	38009	00038	1	9999	2	9998	0038
38004009  	SAN JUAN DE LA CRUZ	38009	38009	00038	1	9999	2	9998	0038
38003841  	SAN JUAN DE LA RAMBLA	38008	38008	00038	1	9999	2	9998	0038
38003422  	SAN LUCAS	38003	38003	00038	1	23	2	34	0038
38003342  	SAN LUCAS	38002	38002	00038	25	9999	36	9998	0038
38003325  	SAN LUIS	38002	38002	00038	1	9999	2	9998	0038
38003273  	SAN MARTIN	38001	38001	00038	1	9999	2	9998	0038
38003231  	SAN MARTIN, TRANSVERSAL	38001	38001	00038	1	9999	2	9998	0038
38003326  	SAN MIGUEL	38002	38002	00038	1	5	2	4	0038
38003275  	SAN MIGUEL	38001	38001	00038	1	9999	2	9998	0038
38003327  	SAN NICOLAS	38002	38002	00038	1	9999	2	9998	0038
38004010  	SAN PABLO	38009	38009	00038	1	9999	2	9998	0038
38003276  	SAN PEDRO	38001	38001	00038	1	9999	2	9998	0038
38003408  	SAN PEDRO ALCANTARA	38003	38003	00038	1	7	2	14	0038
38003328  	SAN PEDRO ALCANTARA	38002	38002	00038	9	9999	16	9998	0038
38003538  	SAN RAFAEL Y SAN ROQUE	38005	38005	00038	1	9999	2	9998	0038
38004011  	SAN RAIMUNDO	38009	38009	00038	1	9999	2	9998	0038
38003409  	SAN SEBASTIAN	38003	38003	00038	1	53	2	58	0038
38003539  	SAN SEBASTIAN	38005	38005	00038	55	9999	60	9998	0038
38004012  	SAN VALENTIN	38009	38009	00038	1	9999	2	9998	0038
38003343  	SAN VICENTE FERRER	38002	38002	00038	1	9999	2	9998	0038
38004144  	SANSOFE	38010	38010	00038	1	9999	2	9998	0038
38003329  	SANTA CLARA	38002	38002	00038	1	9999	2	9998	0038
38004145  	SANTA MARGARITA	38010	38010	00038	1	9999	2	9998	0038
38004146  	SANTA MARIA	38010	38010	00038	1	9999	2	9998	0038
38004147  	SANTA MARIA SOLEDAD	38010	38010	00038	1	9999	2	9998	0038
38003330  	SANTA MARTA	38002	38002	00038	1	9999	2	9998	0038
38004148  	SANTA MONICA	38010	38010	00038	1	9999	2	9998	0038
38003331  	SANTA ROSA DE LIMA	38002	38002	00038	1	9999	2	9998	0038
38003332  	SANTA ROSALIA	38002	38002	00038	1	9999	2	9998	0038
38004149  	SANTA TERESA DE AVILA	38010	38010	00038	1	9999	2	9998	0038
38003466  	SANTA TERESA DE JORNET E IBARS	38004	38004	00038	1	9999	2	9998	0038
38003277  	SANTA TERESITA	38001	38001	00038	1	9999	2	9998	0038
38003842  	SANTA URSULA	38008	38008	00038	1	9999	2	9998	0038
38003467  	SANTA VICENTA MARIA LOPEZ DE VICUÑA	38004	38004	00038	1	9999	2	9998	0038
38003333  	SANTIAGO	38002	38002	00038	1	23	2	22	0038
38003278  	SANTIAGO	38001	38001	00038	25	9999	24	9998	0038
38003334  	SANTIAGO	38002	38002	00038	1	9999	2	9998	0038
38003714  	SANTIAGO BEYRO	38007	38007	00038	1	9999	2	9998	0038
38003635  	SANTIAGO CUADRADO	38006	38006	00038	1	9999	2	9998	0038
38003715  	SANTIAGO SABINA	38007	38007	00038	1	9999	2	9998	0038
38003411  	SANTO DOMINGO	38003	38003	00038	1	9999	2	9998	0038
38004014  	SANTO TOMAS DE VILLANUEVA	38009	38009	00038	1	9999	2	9998	0038
38003636  	SANTOS, DE LOS	38006	38006	00038	1	9999	2	9998	0038
38004150  	SARGENTO PROVISIONAL	38010	38010	00038	1	9999	2	9998	0038
38004015  	SAUCES	38009	38009	00038	1	9999	2	9998	0038
38003843  	SAUZAL	38008	38008	00038	1	9999	2	9998	0038
38004016  	SEBASTIAN CASTRO DIAZ	38009	38009	00038	1	9999	2	9998	0038
38004017  	SEBASTIAN PADRON ACOSTA	38009	38009	00038	1	9999	2	9998	0038
38003279  	SEÑOR DE LAS TRIBULACIONES	38001	38001	00038	1	9999	2	9998	0038
38003468  	SERRANO	38004	38004	00038	1	63	2	76	0038
38003637  	SERRANO	38006	38006	00038	65	9999	78	9998	0038
38003540  	SETENTA	38005	38005	00038	1	9999	2	9998	0038
38004018  	SETIREA	38009	38009	00038	1	9999	2	9998	0038
38003335  	SI, DEL	38002	38002	00038	1	9999	2	9998	0038
38003844  	SILOS, LOS	38008	38008	00038	1	9999	2	9998	0038
38004151  	SIMBAD	38010	38010	00038	1	9999	2	9998	0038
38003717  	SIMON BOLIVAR	38007	38007	00038	1	9999	2	9998	0038
38003469  	SIN SALIDA	38004	38004	00038	1	9999	2	9998	0038
38003470  	SITJA	38004	38004	00038	1	9999	2	9998	0038
38003855  	SIXTO MANCHADO	38009	38009	00038	1	9999	2	9998	0038
38003638  	SOGA	38006	38006	00038	1	9999	2	9998	0038
38003639  	SOR CARMEN IRIARTE	38006	38006	00038	1	9999	2	9998	0038
38003718  	SOROLLA	38007	38007	00038	1	9999	2	9998	0038
38003336  	SUAREZ GUERRA	38002	38002	00038	25	9999	20	9998	0038
38004019  	SURCO, EL	38009	38009	00038	1	9999	2	9998	0038
38004152  	TABONA	38010	38010	00038	1	9999	2	9998	0038
38004153  	TABURIENTE	38010	38010	00038	1	9999	2	9998	0038
38003845  	TACORONTE	38008	38008	00038	1	9999	2	9998	0038
38004154  	TAGORE	38010	38010	00038	1	9999	2	9998	0038
38004020  	TAGULUCHE	38009	38009	00038	1	9999	2	9998	0038
38006450  	TAHONA	38009	38009	00038	1	9999	2	9998	0038
38004021  	TAIBIQUE	38009	38009	00038	1	9999	2	9998	0038
38004155  	TAJARASTE	38010	38010	00038	1	9999	2	9998	0038
38004156  	TAJINASTE	38010	38010	00038	1	9999	2	9998	0038
38004022  	TALAVERA	38009	38009	00038	1	9999	2	9998	0038
38004023  	TAMADABA	38009	38009	00038	1	9999	2	9998	0038
38003640  	TAMARCOS	38006	38006	00038	1	9999	2	9998	0038
38003856  	TAMARGADA	38009	38009	00038	1	9999	2	9998	0038
38003846  	TANAUSU	38008	38008	00038	1	9999	2	9998	0038
38003847  	TANQUE, EL	38008	38008	00038	1	9999	2	9998	0038
38004157  	TASUFRE	38010	38010	00038	1	9999	2	9998	0038
38003848  	TEGUESTE	38008	38008	00038	1	9999	2	9998	0038
38003857  	TEJIADE	38009	38009	00038	1	9999	2	9998	0038
38004025  	TENEGUIA	38009	38009	00038	1	9999	2	9998	0038
38003471  	TENIENTE MARTIN BENCOMO	38004	38004	00038	1	9999	2	9998	0038
38004026  	TENO	38009	38009	00038	1	9999	2	9998	0038
38003413  	TEOBALDO POWER	38003	38003	00038	1	3	2	4	0038
38003337  	TEOBALDO POWER	38002	38002	00038	5	9999	6	9998	0038
38003641  	TERRAPLEN	38006	38006	00038	1	9999	2	9998	0038
38004027  	TIGADAY	38009	38009	00038	1	9999	2	9998	0038
38004028  	TIGAIGA	38009	38009	00038	1	9999	2	9998	0038
38004029  	TIGALATE	38009	38009	00038	1	9999	2	9998	0038
38004030  	TIJOCO	38009	38009	00038	1	9999	2	9998	0038
38004031  	TIMANFAYA	38009	38009	00038	1	9999	2	9998	0038
38003719  	TINGUARO	38007	38007	00038	1	9999	2	9998	0038
38004032  	TINISARA	38009	38009	00038	1	9999	2	9998	0038
38004033  	TIO PINO	38009	38009	00038	1	9999	2	9998	0038
38004034  	TODOQUE	38009	38009	00038	1	9999	2	9998	0038
38003849  	TOMAS CRUZ GARCIA	38008	38008	00038	1	9999	2	9998	0038
38004158  	TOMAS DE ARMAS QUINTERO	38010	38010	00038	1	9999	2	9998	0038
38003542  	TOME CANO	38005	38005	00038	1	9999	2	9998	0038
38004159  	TOPACIO	38010	38010	00038	1	9999	2	9998	0038
38003414  	TORRENTE, EL	38003	38003	00038	1	9999	2	9998	0038
38003415  	TRES DE MAYO	38003	38003	00038	1	65	2	26	0038
38003543  	TRES DE MAYO	38005	38005	00038	67	9999	28	9998	0038
38003280  	TRIBULACIONES	38001	38001	00038	1	9999	2	9998	0038
38003720  	TURINA	38007	38007	00038	1	9999	2	9998	0038
38004160  	TURQUESA	38010	38010	00038	1	9999	2	9998	0038
38004035  	UCANCA	38009	38009	00038	1	9999	2	9998	0038
38003281  	ULISES GUIMERA CASTELLANOS	38001	38001	00038	1	9999	2	9998	0038
38003721  	UNAMUNO	38007	38007	00038	1	9999	2	9998	0038
38003416  	VALENTIN SANZ	38003	38003	00038	1	15	2	12	0038
38003338  	VALENTIN SANZ	38002	38002	00038	17	9999	14	9998	0038
38003722  	VALLE INCLAN	38007	38007	00038	1	9999	2	9998	0038
38004036  	VEGAIPALA	38009	38009	00038	1	9999	2	9998	0038
38003472  	VEINTICINCO DE JULIO	38004	38004	00038	1	9999	2	9998	0038
38003473  	VEINTICINCO DE JULIO	38004	38004	00038	1	9999	2	9998	0038
38003723  	VEINTINUEVE DE MAYO	38007	38007	00038	1	9999	2	9998	0038
38003724  	VELAZQUEZ	38007	38007	00038	1	9999	2	9998	0038
38003725  	VENEZUELA	38007	38007	00038	1	25	2	16	0038
38003850  	VENEZUELA	38008	38008	00038	27	9999	18	9998	0038
38003282  	VENTOSO, EL	38001	38001	00038	1	9999	2	9998	0038
38003642  	VEREMUNDO PERERA	38006	38006	00038	1	9999	2	9998	0038
38003643  	VERODE	38006	38006	00038	1	9999	2	9998	0038
38004161  	VICA, LA	38010	38010	00038	1	9999	2	9998	0038
38003479  	VICTORIA	38005	38005	00038	1	9999	2	9998	0038
38003851  	VICTORIA DE ACENTEJO, LA	38008	38008	00038	1	9999	2	9998	0038
38003417  	VIERA Y CLAVIJO	38003	38003	00038	1	33	2	44	0038
38003474  	VIERA Y CLAVIJO	38004	38004	00038	35	9999	46	9998	0038
38003852  	VILAFLOR	38008	38008	00038	1	9999	2	9998	0038
38004037  	VILLA BENITEZ	38009	38009	00038	1	9999	2	9998	0038
38003339  	VILLALBA HERVAS	38002	38002	00038	1	9999	2	9998	0038
38004038  	VIRGILIO HERNANDEZ TEJERA	38009	38009	00038	1	9999	2	9998	0038
38004039  	VIZCONDE DEL BUEN PASO	38009	38009	00038	1	9999	2	9998	0038
38004163  	VULCANO	38010	38010	00038	1	9999	2	9998	0038
38003418  	WEYLER	38003	38003	00038	1	9999	2	9998	0038
38004164  	ZAFIRO	38010	38010	00038	1	9999	2	9998	0038
38004040  	ZARAGOZA	38009	38009	00038	1	9999	2	9998	0038
38004720  	ACAYMO	38208	38208	00038	1	9999	2	9998	0038
38004440  	ACHAMAN	38205	38205	00038	1	9999	2	9998	0038
38004247  	ADELANTADO, DEL	38201	38201	00038	1	9999	2	9998	0038
38004240  	ADELANTADO, DEL	38201	38201	00038	1	9999	2	9998	0038
38004411  	AGALA	38205	38205	00038	1	9999	2	9998	0038
38004721  	AGUERE	38208	38208	00038	1	9999	2	9998	0038
38004441  	AGUSTIN CABRERA	38205	38205	00038	1	9999	2	9998	0038
38004442  	AIRES DE LIMA	38205	38205	00038	1	9999	2	9998	0038
38004614  	ALBERT EINSTEIN	38206	38206	00038	1	9999	2	9998	0038
38004613  	ALBERTO DE ARMAS	38206	38206	00038	1	9999	2	9998	0038
38004549  	ALCALA	38205	38205	00038	1	9999	2	9998	0038
38004873  	ALFA	38295	38295	00038	1	9999	2	9998	0038
38004616  	ALFREDO BARRIOS	38206	38206	00038	1	9999	2	9998	0038
38004722  	ALFREDO KRAUS	38208	38208	00038	1	9999	2	9998	0038
38004390  	ALFREDO TORRES EDWARDS	38204	38204	00038	1	9999	2	9998	0038
38004891  	ALHONDIGA (GUAJARA)	38296	38296	00038	0	0	0	0	0038
38004443  	ALICANTE	38205	38205	00038	1	9999	2	9998	0038
38004444  	ALMERIA	38205	38205	00038	1	9999	2	9998	0038
38004248  	AMARGURA	38201	38201	00038	1	9999	2	9998	0038
38004550  	ANATEN	38205	38205	00038	1	9999	2	9998	0038
38004249  	ANCHIETA	38201	38201	00038	1	9999	2	9998	0038
38004446  	ANDALUCIA	38205	38205	00038	1	9999	2	9998	0038
38004892  	ANDAMADA	38296	38296	00038	0	0	0	0	0038
38004617  	ANDRES BELLO	38206	38206	00038	1	9999	2	9998	0038
38004447  	ANDROMEDA	38205	38205	00038	1	9999	2	9998	0038
38004618  	ANGEL GUIMERA JORGE	38206	38206	00038	1	9999	2	9998	0038
38004296  	ANGEL NUÑEZ	38202	38202	00038	1	9999	2	9998	0038
38004893  	ANGELES, LOS (GENETO)	38296	38296	00038	0	0	0	0	0038
38004448  	ANTARES	38205	38205	00038	1	9999	2	9998	0038
38004413  	ANTON GUANCHE	38205	38205	00038	1	9999	2	9998	0038
38004414  	ANTONIO BETHENCOURT	38205	38205	00038	1	9999	2	9998	0038
38004391  	ANTONIO GONZALEZ	38204	38204	00038	1	9999	2	9998	0038
38005098  	AÑATEN	38320	38320	00038	1	9999	2	9998	0038
38004874  	ARAFO	38295	38295	00038	1	9999	2	9998	0038
38004415  	ARANJUEZ	38205	38205	00038	1	9999	2	9998	0038
38004449  	ARIES	38205	38205	00038	1	9999	2	9998	0038
38004450  	ARONA	38205	38205	00038	1	9999	2	9998	0038
38004558  	ARRASTRES, LOS	38206	38206	00038	1	9999	2	9998	0038
38004416  	ARRIETA	38205	38205	00038	1	9999	2	9998	0038
38004451  	ARRORRO	38205	38205	00038	1	9999	2	9998	0038
38004875  	ARTES, DE LAS	38295	38295	00038	1	9999	2	9998	0038
38004671  	ARTURO VERGARA	38207	38207	00038	1	9999	2	9998	0038
38004559  	ARZOBISPO ELIAS YANES	38206	38206	00038	1	9999	2	9998	0038
38004250  	ASCANIO Y NIEVES	38201	38201	00038	1	9999	2	9998	0038
38004552  	ASTROFISICO FRANCISCO SANCHEZ, DE	38205	38205	00038	1	9999	2	9998	0038
38004723  	ATALAYA, LA	38208	38208	00038	1	9999	2	9998	0038
38004452  	AYOSE	38205	38205	00038	1	9999	2	9998	0038
38004298  	BALTASAR NUÑEZ	38202	38202	00038	1	9999	2	9998	0038
38004453  	BARRANQUILLO DE ACENTEJO	38205	38205	00038	1	9999	2	9998	0038
38004342  	BARRIO DE LOS MOLINOS	38203	38203	00038	1	9999	2	9998	0038
38004619  	BARRIO DEL CARMEN	38206	38206	00038	1	9999	2	9998	0038
38004894  	BARRIO HURON	38296	38296	00038	0	0	0	0	0038
38004620  	BARTOLOME CAIRASCO	38206	38206	00038	1	9999	2	9998	0038
38004724  	BEETHOVEN	38208	38208	00038	1	9999	2	9998	0038
38004251  	BELEN	38201	38201	00038	1	9999	2	9998	0038
38004252  	BENCOMO	38201	38201	00038	1	9999	2	9998	0038
38004725  	BENITO PEREZ ARMAS	38208	38208	00038	1	9999	2	9998	0038
38004338  	BENITO PEREZ GALDOS	38203	38203	00038	1	9999	2	9998	0038
38004418  	BENTEJUI	38205	38205	00038	1	9999	2	9998	0038
38004253  	BOLOS	38201	38201	00038	1	9999	2	9998	0038
38004299  	BRASIL	38202	38202	00038	1	9999	2	9998	0038
38004343  	BREZO	38203	38203	00038	1	9999	2	9998	0038
38004692  	BREZO, EL (LA VEGA)	38208	38208	00038	1	9999	2	9998	0038
38004726  	BRONCO	38208	38208	00038	1	9999	2	9998	0038
38004344  	BUENAVENTURA BONNET	38203	38203	00038	1	9999	2	9998	0038
38004454  	BUENAVISTA	38205	38205	00038	1	9999	2	9998	0038
38004560  	CABRERA FELIPE	38206	38206	00038	1	9999	2	9998	0038
38004254  	CABRERA PINTO	38201	38201	00038	1	9999	2	9998	0038
38004561  	CALDERILLA, LA	38206	38206	00038	1	9999	2	9998	0038
38004455  	CALVO SOTELO	38205	38205	00038	1	9999	2	9998	0038
38004672  	CALZADA, LA	38207	38207	00038	1	9999	2	9998	0038
38004895  	CANARIO, EL	38296	38296	00038	0	0	0	0	0038
38004562  	CANDELARIA (LAS GAVIAS)	38206	38206	00038	1	9999	2	9998	0038
38004622  	CANDELARIA, DE LA	38206	38206	00038	1	35	2	36	0038
38004345  	CANDELARIA, DE LA	38203	38203	00038	37	9999	38	9998	0038
38004300  	CANDIA	38202	38202	00038	1	9999	2	9998	0038
38004301  	CANDILAS	38202	38202	00038	1	9999	2	9998	0038
38004693  	CAÑAS, LAS	38208	38208	00038	1	9999	2	9998	0038
38004727  	CAÑAVERAL, EL	38208	38208	00038	1	9999	2	9998	0038
38004255  	CAPITAN BROTONS	38201	38201	00038	1	9999	2	9998	0038
38004694  	CAPRICHOS, LOS (MESA MOTA)	38208	38208	00038	1	9999	2	9998	0038
38004456  	CAPRICORNIO	38205	38205	00038	1	9999	2	9998	0038
38004623  	CARACAS	38206	38206	00038	1	9999	2	9998	0038
38004457  	CARTAGENA	38205	38205	00038	1	9999	2	9998	0038
38004896  	CARTAYA	38296	38296	00038	0	0	0	0	0038
38004563  	CASTAÑO, EL	38206	38206	00038	1	9999	2	9998	0038
38004458  	CASTELLON	38205	38205	00038	1	9999	2	9998	0038
38004256  	CATEDRAL	38201	38201	00038	1	9999	2	9998	0038
38004393  	CATEDRAL, DE LA	38204	38204	00038	1	9999	2	9998	0038
38004564  	CEBADA, LA	38206	38206	00038	1	9999	2	9998	0038
38004695  	CEDRO, EL (LA VEGA)	38208	38208	00038	1	9999	2	9998	0038
38004565  	CEDROS, LOS	38206	38206	00038	1	9999	2	9998	0038
38004346  	CENTURION	38203	38203	00038	1	9999	2	9998	0038
38004624  	CERCADO LA SANTA	38206	38206	00038	1	9999	2	9998	0038
38004459  	CERCADO MESA	38205	38205	00038	1	9999	2	9998	0038
38004419  	CHIMBESQUE/CHIMBESKE	38205	38205	00038	1	9999	2	9998	0038
38004728  	CHOPIN	38208	38208	00038	1	9999	2	9998	0038
38004696  	CHOPO, EL	38208	38208	00038	1	9999	2	9998	0038
38004303  	CIPRES	38202	38202	00038	1	9999	2	9998	0038
38004566  	CIRILO HERNANDEZ	38206	38206	00038	1	9999	2	9998	0038
38004567  	CIVIL	38206	38206	00038	1	9999	2	9998	0038
38004347  	CLAVEL	38203	38203	00038	1	9999	2	9998	0038
38004898  	CODORNIZ, LA	38296	38296	00038	0	0	0	0	0038
38004460  	COLINO, VALLE	38205	38205	00038	1	9999	2	9998	0038
38004461  	COMETA HALLEY	38205	38205	00038	1	9999	2	9998	0038
38004729  	CONCEPCION SALAZAR	38208	38208	00038	1	9999	2	9998	0038
38004257  	CONSISTORIO	38201	38201	00038	1	9999	2	9998	0038
38004730  	CORAL VERDE	38208	38208	00038	1	9999	2	9998	0038
38004258  	CORDERA	38201	38201	00038	1	9999	2	9998	0038
38004462  	CORDOBA	38205	38205	00038	1	9999	2	9998	0038
38004899  	COROMOTO (BARRIO HURON)	38296	38296	00038	1	9999	2	9998	0038
38004625  	COROMOTO, EL	38206	38206	00038	1	9999	2	9998	0038
38004673  	CORREGIDORES	38207	38207	00038	1	9999	2	9998	0038
38004383  	COSLADA	38204	38204	00038	1	9999	2	9998	0038
38004568  	CREPUSCULO	38206	38206	00038	1	9999	2	9998	0038
38004259  	CRISTO, DEL	38201	38201	00038	1	9999	2	9998	0038
38004241  	CRUCES, LAS	38201	38201	00038	1	17	2	6	0038
38004569  	CRUCES, LAS	38206	38206	00038	19	9999	8	9998	0038
38004900  	CRUCES, LAS (GENETO)	38296	38296	00038	1	9999	2	9998	0038
38004348  	CRUZ DE CANDELARIA	38203	38203	00038	1	9999	2	9998	0038
38004463  	CURVA DE GRACIA	38205	38205	00038	1	9999	2	9998	0038
38004464  	DAIDA	38205	38205	00038	1	9999	2	9998	0038
38004294  	DAMA, LA	38202	38202	00038	1	9999	2	9998	0038
38004349  	DAUTE	38203	38203	00038	1	9999	2	9998	0038
38004260  	DEAN PALAHI	38201	38201	00038	1	9999	2	9998	0038
38004394  	DELGADO BARRETO	38204	38204	00038	1	9999	2	9998	0038
38004465  	DELTA	38205	38205	00038	1	9999	2	9998	0038
38004421  	DESVIO, EL	38205	38205	00038	1	9999	2	9998	0038
38004304  	DIECIOCHO DE JULIO	38202	38202	00038	1	9999	2	9998	0038
38004350  	DIEGO DE MONTAUDE	38203	38203	00038	1	9999	2	9998	0038
38004305  	DOCTOR FLEMING	38202	38202	00038	1	9999	2	9998	0038
38004674  	DOCTOR MARAÑON	38207	38207	00038	1	9999	2	9998	0038
38004306  	DOCTOR OLIVERA	38202	38202	00038	1	9999	2	9998	0038
38004466  	DOCTOR PASTEUR	38205	38205	00038	1	9999	2	9998	0038
38004395  	DOCTOR ZAMENHOFF	38204	38204	00038	1	9999	2	9998	0038
38004422  	DOMINGO CABRERA CRUZ	38205	38205	00038	1	9999	2	9998	0038
38004675  	DOMINGO PEREZ MINIK	38207	38207	00038	1	9999	2	9998	0038
38004351  	DON QUIJOTE	38203	38203	00038	1	9999	2	9998	0038
38004698  	DONATOS, LOS	38208	38208	00038	1	9999	2	9998	0038
38004468  	DRAGO	38205	38205	00038	1	9999	2	9998	0038
38004467  	DRAGO, EL	38205	38205	00038	1	9999	2	9998	0038
38004699  	EBANO, EL	38208	38208	00038	1	9999	2	9998	0038
38004572  	ECLIPSE DE SOL	38206	38206	00038	1	9999	2	9998	0038
38004626  	EDUARDO WESTERDAHL	38206	38206	00038	1	9999	2	9998	0038
38004396  	ELIAS SERRA RAFOLS	38204	38204	00038	1	9999	2	9998	0038
38004573  	ELIAS ZEROLO	38206	38206	00038	1	9999	2	9998	0038
38004676  	EMILIO GUTIERREZ SALAZAR	38207	38207	00038	1	9999	2	9998	0038
38004470  	EN CARRETERA GENERAL	38205	38205	00038	0	0	2	62	0038
38004700  	ENEBRO, EL	38208	38208	00038	1	9999	2	9998	0038
38004731  	ENRIQUE GRANADOS	38208	38208	00038	1	9999	2	9998	0038
38004352  	ERA	38203	38203	00038	1	9999	2	9998	0038
38004701  	ERAS, LAS	38208	38208	00038	1	9999	2	9998	0038
38004471  	ERJOS	38205	38205	00038	1	9999	2	9998	0038
38004261  	ERNESTO ASCANIO	38201	38201	00038	1	9999	2	9998	0038
38004472  	ESCOBONAL, EL	38205	38205	00038	1	9999	2	9998	0038
38004473  	ESCORPION	38205	38205	00038	1	9999	2	9998	0038
38004353  	ESCULTOR ESTEVEZ	38203	38203	00038	1	9999	2	9998	0038
38004307  	ESPERANTO	38202	38202	00038	1	9999	2	9998	0038
38004615  	ESPERANZA, LA, HASTA KM. 1	38206	38206	00038	0	0	0	0	0038
38004574  	ESPIGA, LA	38206	38206	00038	1	9999	2	9998	0038
38004664  	ESTADO ARAGUA	38207	38207	00038	1	9999	2	9998	0038
38004663  	ESTADO LARA	38207	38207	00038	1	9999	2	9998	0038
38004936  	ESTADO MIRANDA	38297	38297	00038	1	9999	2	9998	0038
38004575  	ESTRELLA FUGAZ	38206	38206	00038	1	9999	2	9998	0038
38004474  	ESTRELLA POLAR	38205	38205	00038	1	9999	2	9998	0038
38004576  	EUCALIPTUS, LOS	38206	38206	00038	1	9999	2	9998	0038
38004677  	FAJANA, LA	38207	38207	00038	1	9999	2	9998	0038
38004475  	FASNIA	38205	38205	00038	1	9999	2	9998	0038
38004732  	FATIMA, DE	38208	38208	00038	1	9999	2	9998	0038
38004678  	FEDERICO GARCIA LORCA	38207	38207	00038	1	9999	2	9998	0038
38004384  	FELICIDAD, LA	38204	38204	00038	1	9999	2	9998	0038
38004476  	FINCA ESPAÑA	38205	38205	00038	1	9999	2	9998	0038
38004354  	FLORES, LAS	38203	38203	00038	1	9999	2	9998	0038
38004477  	FLORESTA (LA GARDELLADA)	38205	38205	00038	1	9999	2	9998	0038
38004385  	FLORESTA (SAN HONORATO)	38204	38204	00038	1	9999	2	9998	0038
38004478  	FOLIA	38205	38205	00038	1	9999	2	9998	0038
38004679  	FRANCISCO AFONSO CARRILLO	38207	38207	00038	1	9999	2	9998	0038
38004627  	FRANCISCO DE MIRANDA	38206	38206	00038	1	9999	2	9998	0038
38004813  	FRANGOLLO, EL	38291	38291	00038	1	9999	2	9998	0038
38004901  	FRATERNIDAD (GUAJARA)	38296	38296	00038	1	9999	2	9998	0038
38004262  	FRAY ALBINO	38201	38201	00038	1	9999	2	9998	0038
38004628  	FUENTE CAÑIZARES	38206	38206	00038	1	9999	2	9998	0038
38004680  	GABRIEL GARCIA MARQUEZ	38207	38207	00038	1	9999	2	9998	0038
38004479  	GALAXIA	38205	38205	00038	1	9999	2	9998	0038
38004480  	GARAJONAY	38205	38205	00038	1	9999	2	9998	0038
38004629  	GARAJONAY (BARRIO EL CARMEN)	38206	38206	00038	1	9999	2	9998	0038
38004308  	GAVIAS, LAS	38202	38202	00038	1	49	2	52	0038
38004630  	GAVIAS, LAS	38206	38206	00038	51	9999	50	9998	0038
38004577  	GEMELOS, LOS	38206	38206	00038	1	9999	2	9998	0038
38004482  	GEMINIS	38205	38205	00038	1	9999	2	9998	0038
38004397  	GENERAL FRANCO	38204	38204	00038	1	29	2	40	0038
38004263  	GENERAL FRANCO	38201	38201	00038	31	9999	42	9998	0038
38004355  	GIRASOL	38203	38203	00038	1	9999	2	9998	0038
38004386  	GIRASOLES, DE LOS	38204	38204	00038	1	9999	2	9998	0038
38004578  	GOFIO, EL (SAN LAZARO)	38206	38206	00038	1	9999	2	9998	0038
38004483  	GRACIA	38205	38205	00038	1	9999	2	9998	0038
38004631  	GRAN TINERFE	38206	38206	00038	1	9999	2	9998	0038
38004484  	GRANADA	38205	38205	00038	1	9999	2	9998	0038
38004579  	GUADAÑA, LA	38206	38206	00038	1	9999	2	9998	0038
38004486  	GUAJARA	38205	38205	00038	1	9999	2	9998	0038
38004902  	GUAJARA	38296	38296	00038	1	9999	2	9998	0038
38004487  	GUANCHA, LA	38205	38205	00038	1	9999	2	9998	0038
38004488  	GUANCHES, LOS	38205	38205	00038	1	9999	2	9998	0038
38004733  	GUILLERMO PERERA	38208	38208	00038	1	9999	2	9998	0038
38004876  	HARDISSON	38295	38295	00038	0	0	0	0	0038
38004580  	HARIA	38206	38206	00038	1	9999	2	9998	0038
38004583  	HARIA DE SAN LAZARO	38206	38206	00038	1	9999	2	9998	0038
38004356  	HENRY DUNNAT	38203	38203	00038	1	9999	2	9998	0038
38004398  	HERACLIO SANCHEZ	38204	38204	00038	1	9999	2	9998	0038
38004922  	HERMANDAD (GUAJARA)	38296	38296	00038	1	9999	2	9998	0038
38004489  	HERMANO PEDRO	38205	38205	00038	1	9999	2	9998	0038
38004681  	HERMANO RAMON	38207	38207	00038	1	9999	2	9998	0038
38005096  	HERMANOS MACHADO	38320	38320	00038	1	9999	2	9998	0038
38004264  	HERMANOS MARRERO	38201	38201	00038	1	9999	2	9998	0038
38004399  	HERRADORES	38204	38204	00038	1	29	2	40	0038
38004490  	HERRADURA, LA	38205	38205	00038	1	9999	2	9998	0038
38004734  	HERRERA	38208	38208	00038	1	9999	2	9998	0038
38004735  	HESPERIDES	38208	38208	00038	1	9999	2	9998	0038
38004309  	HIGUERA	38202	38202	00038	1	9999	2	9998	0038
38004632  	HIGUERAS DE DON FELIPE	38206	38206	00038	1	9999	2	9998	0038
38004491  	HINOJOSA	38205	38205	00038	1	9999	2	9998	0038
38004581  	HIPICA	38206	38206	00038	1	9999	2	9998	0038
38004903  	HORNERA, LA	38296	38296	00038	1	9999	2	9998	0038
38004357  	HOTELITOS, LOS	38203	38203	00038	1	9999	2	9998	0038
38004582  	HOYA DEL CAMELLO	38206	38206	00038	1	9999	2	9998	0038
38004492  	HUELVA	38205	38205	00038	1	9999	2	9998	0038
38004904  	HURON, EL (GENETO)	38296	38296	00038	1	9999	2	9998	0038
38004493  	ICOD	38205	38205	00038	1	9999	2	9998	0038
38004494  	ISA	38205	38205	00038	1	9999	2	9998	0038
38004736  	ISAAC ALBENIZ	38208	38208	00038	1	9999	2	9998	0038
38004702  	ISLA DE CORAL	38208	38208	00038	1	9999	2	9998	0038
38004737  	JACINTO ALZOLA CABRERA	38208	38208	00038	1	9999	2	9998	0038
38004495  	JAEN	38205	38205	00038	1	9999	2	9998	0038
38004358  	JAZMIN	38203	38203	00038	1	9999	2	9998	0038
38004310  	JESUS MAYNAR	38202	38202	00038	1	9999	2	9998	0038
38004905  	JILGUERO	38296	38296	00038	1	9999	2	9998	0038
38004738  	JOAQUIN RODRIGO	38208	38208	00038	1	9999	2	9998	0038
38004739  	JOAQUIN TURINA	38208	38208	00038	1	9999	2	9998	0038
38004682  	JORGE MANRIQUE	38207	38207	00038	1	9999	2	9998	0038
38004584  	JOROPO	38206	38206	00038	1	9999	2	9998	0038
38004266  	JOSE CLAVIJO Y FAJARDO	38201	38201	00038	1	9999	2	9998	0038
38004633  	JOSE GREGORIO HERNANDEZ	38206	38206	00038	1	9999	2	9998	0038
38004423  	JOSE MAGDALENO	38205	38205	00038	1	9999	2	9998	0038
38004333  	JOSE MARIA BALCELLS	38203	38203	00038	1	9999	2	9998	0038
38004740  	JOSE PERAZA DE AYALA	38208	38208	00038	1	9999	2	9998	0038
38004585  	JOSEFINA LA RASTROJA	38206	38206	00038	1	9999	2	9998	0038
38004424  	JUAN BAUTISTA POGGIO	38205	38205	00038	1	9999	2	9998	0038
38004586  	JUAN BLAS	38206	38206	00038	1	9999	2	9998	0038
38004267  	JUAN DE VERA	38201	38201	00038	1	9999	2	9998	0038
38004587  	JUAN HIPOLITO	38206	38206	00038	1	9999	2	9998	0038
38004634  	JUAN NEGRIN VIÑAS	38206	38206	00038	1	9999	2	9998	0038
38004400  	JUAN REGULO PEREZ	38204	38204	00038	1	9999	2	9998	0038
38004311  	JUANA BLANCA	38202	38202	00038	1	9999	2	9998	0038
38004401  	JUEGO	38204	38204	00038	1	9999	2	9998	0038
38004268  	JUNTA SUPREMA	38201	38201	00038	1	9999	2	9998	0038
38004924  	JUSTICIA (GUAJARA)	38296	38296	00038	1	9999	2	9998	0038
38004554  	LACTEA	38205	38205	00038	1	9999	2	9998	0038
38004741  	LADERAS DE SAN ROQUE	38208	38208	00038	1	9999	2	9998	0038
38004420  	LAGUNA, GENERAL LA	38205	38205	00038	0	0	0	0	0038
38004359  	LAUREL	38203	38203	00038	1	9999	2	9998	0038
38004360  	LEOCADIO MACHADO	38203	38203	00038	1	9999	2	9998	0038
38004361  	LEONARDO DA VINCI	38203	38203	00038	1	9999	2	9998	0038
38004269  	LEONARDO TORRIANI	38201	38201	00038	1	9999	2	9998	0038
38004588  	LEOPOLDO DE LA ROSA OLIVERA	38206	38206	00038	1	9999	2	9998	0038
38004362  	LLANO DE LOS MOLINOS	38203	38203	00038	1	9999	2	9998	0038
38004589  	LLUBIA, LA	38206	38206	00038	1	9999	2	9998	0038
38004425  	LOMO LA CRUZ	38205	38205	00038	1	9999	2	9998	0038
38004742  	LOMO LARGO	38208	38208	00038	1	9999	2	9998	0038
38004684  	LOMO, EL	38207	38207	00038	1	9999	2	9998	0038
38004270  	LOPE DE GUERRA	38201	38201	00038	1	9999	2	9998	0038
38004703  	LOPE DE GUERRA Y PEÑA	38208	38208	00038	1	9999	2	9998	0038
38004387  	LOZOYA	38204	38204	00038	1	9999	2	9998	0038
38004743  	LUCAS VEGA, DE	38208	38208	00038	1	21	2	22	0038
38004312  	LUCAS VEGA, DE	38202	38202	00038	23	9999	24	9998	0038
38004295  	LUCIANO RAMOS DIAZ	38202	38202	00038	1	9999	2	9998	0038
38004334  	LUIS ALVAREZ CRUZ	38203	38203	00038	1	9999	2	9998	0038
38004335  	LUIS BRAILLE	38203	38203	00038	1	9999	2	9998	0038
38004685  	LUISA MACHADO	38207	38207	00038	1	9999	2	9998	0038
38004363  	LUJAN PEREZ	38203	38203	00038	1	9999	2	9998	0038
38004590  	LUNA LLENA	38206	38206	00038	1	9999	2	9998	0038
38004496  	MAC-KAY	38205	38205	00038	1	9999	2	9998	0038
38004744  	MADRE DEL AGUA	38208	38208	00038	1	9999	2	9998	0038
38004497  	MAGARZA	38205	38205	00038	1	9999	2	9998	0038
38004271  	MAGISTRADO DEL CAMPO LLARENA	38201	38201	00038	1	9999	2	9998	0038
38004499  	MALAGUEÑA	38205	38205	00038	1	9999	2	9998	0038
38004500  	MANTECAS	38205	38205	00038	1	9999	2	9998	0038
38004745  	MANUEL DE FALLA	38208	38208	00038	1	9999	2	9998	0038
38004364  	MANUEL HERNANDEZ MARTIN	38203	38203	00038	1	9999	2	9998	0038
38004328  	MANUEL OSUNA	38202	38202	00038	1	9999	2	9998	0038
38004501  	MANUEL SANTAELLA	38205	38205	00038	1	9999	2	9998	0038
38004746  	MANZANILLA	38208	38208	00038	1	9999	2	9998	0038
38004747  	MANZANILLA	38208	38208	00038	1	9999	2	9998	0038
38004313  	MAQUILA	38202	38202	00038	1	9999	2	9998	0038
38004704  	MAR DE CORAL	38208	38208	00038	1	9999	2	9998	0038
38004635  	MARACAYBO	38206	38206	00038	1	9999	2	9998	0038
38004636  	MARCELINO PERDOMO	38206	38206	00038	1	9999	2	9998	0038
38004637  	MARCEROL, COMPLEJO INDUSTRIAL	38206	38206	00038	1	9999	2	9998	0038
38004638  	MARGALLO	38206	38206	00038	1	19	2	14	0038
38004314  	MARGALLO	38202	38202	00038	21	9999	16	9998	0038
38004407  	MARIA DEL CRISTO OSUNA	38204	38204	00038	1	9999	2	9998	0038
38004705  	MARIANO DE COSSIO	38208	38208	00038	1	9999	2	9998	0038
38004315  	MARINA	38202	38202	00038	1	9999	2	9998	0038
38004639  	MARISCAL SUCRE	38206	38206	00038	1	9999	2	9998	0038
38004316  	MARQUES DE CELADA	38202	38202	00038	1	9999	2	9998	0038
38004591  	MARQUESES, LOS	38206	38206	00038	1	9999	2	9998	0038
38004502  	MARTE	38205	38205	00038	1	9999	2	9998	0038
38004503  	MATANZA, LA	38205	38205	00038	1	9999	2	9998	0038
38004317  	MAYA	38202	38202	00038	1	9999	2	9998	0038
38004504  	MAYANTIGO	38205	38205	00038	1	9999	2	9998	0038
38004906  	MAYBER	38296	38296	00038	1	9999	2	9998	0038
38004505  	MEDANO	38205	38205	00038	1	9999	2	9998	0038
38004877  	MENCEY	38295	38295	00038	1	9999	2	9998	0038
38004706  	MENCEY	38208	38208	00038	1	9999	2	9998	0038
38004246  	MERCADO, DEL	38201	38201	00038	1	9999	2	9998	0038
38004553  	MERCURIO	38205	38205	00038	1	9999	2	9998	0038
38004749  	MESA MOTA	38208	38208	00038	1	9999	2	9998	0038
38004665  	MIGUEL HERNANDEZ	38207	38207	00038	1	9999	2	9998	0038
38004666  	MOGAN	38207	38207	00038	1	9999	2	9998	0038
38004848  	MOLINO, EL	38293	38293	00038	0	0	0	0	0038
38004686  	MOLINOS DE AGUA	38207	38207	00038	1	9999	2	9998	0038
38004640  	MOLINOS DE SAN BENITO	38206	38206	00038	1	9999	2	9998	0038
38004336  	MOLINOS, LOS	38203	38203	00038	1	9999	2	9998	0038
38004592  	MONEDA, LA	38206	38206	00038	1	9999	2	9998	0038
38004318  	MONTARAZ	38202	38202	00038	1	9999	2	9998	0038
38004593  	MULATO	38206	38206	00038	1	9999	2	9998	0038
38004507  	MURCIA	38205	38205	00038	1	9999	2	9998	0038
38004388  	NAVA	38204	38204	00038	1	9999	2	9998	0038
38004687  	NAVA LA SALLE	38207	38207	00038	1	9999	2	9998	0038
38004641  	NAVA TOSCANA	38206	38206	00038	1	9999	2	9998	0038
38004272  	NAVA Y GRIMON	38201	38201	00038	1	9999	2	9998	0038
38004508  	NEPTUNO	38205	38205	00038	1	9999	2	9998	0038
38004509  	NIEVES, LAS	38205	38205	00038	1	9999	2	9998	0038
38004319  	NIJOTA	38202	38202	00038	1	9999	2	9998	0038
38004594  	NILO GARCIA GONZALEZ	38206	38206	00038	1	9999	2	9998	0038
38004329  	NISPERERO	38202	38202	00038	1	9999	2	9998	0038
38004707  	NISPEREROS, LOS	38208	38208	00038	1	9999	2	9998	0038
38004320  	NISPERO	38202	38202	00038	1	9999	2	9998	0038
38004571  	NORTE, GENERAL DEL	38206	38206	00038	0	0	0	0	0038
38004925  	NUESTRA SEÑORA DE CANDELARIA (HURON)	38296	38296	00038	1	9999	2	9998	0038
38004926  	NUESTRA SEÑORA DE LAS MERCEDES (HURON)	38296	38296	00038	1	9999	2	9998	0038
38004595  	NUESTRA SEÑORA DEL COROMOTO	38206	38206	00038	1	9999	2	9998	0038
38004273  	NUÑEZ DE LA PEÑA	38201	38201	00038	1	7	2	14	0038
38004322  	NUÑEZ DE LA PEÑA	38202	38202	00038	9	63	16	52	0038
38004365  	NUÑEZ DE LA PEÑA	38203	38203	00038	65	9999	54	9998	0038
38004510  	OBISPO PEREZ CACERES	38205	38205	00038	1	9999	2	9998	0038
38004274  	OBISPO REY REDONDO	38201	38201	00038	1	9999	2	9998	0038
38004403  	OBISPO RUIZ CABAL	38204	38204	00038	1	9999	2	9998	0038
38004642  	OBSIDIANA	38206	38206	00038	1	9999	2	9998	0038
38004511  	OMEGA	38205	38205	00038	1	9999	2	9998	0038
38004750  	ORAMAS	38208	38208	00038	1	9999	2	9998	0038
38004596  	OREGANO, EL	38206	38206	00038	1	9999	2	9998	0038
38004366  	ORFEBRE VENTURA ALEMAN	38203	38203	00038	1	9999	2	9998	0038
38004751  	ORFEON LA PAZ	38208	38208	00038	1	9999	2	9998	0038
38004513  	OSA MAYOR	38205	38205	00038	1	9999	2	9998	0038
38004514  	OSA MENOR	38205	38205	00038	1	9999	2	9998	0038
38004907  	OXIGENO	38296	38296	00038	1	9999	2	9998	0038
38004908  	OXIGENO, PRIMERA	38296	38296	00038	1	9999	2	9998	0038
38004382  	PABLO CASALS	38203	38203	00038	1	9999	2	9998	0038
38004367  	PABLO IGLESIAS	38203	38203	00038	1	9999	2	9998	0038
38004368  	PABLO PICASSO	38203	38203	00038	1	9999	2	9998	0038
38004667  	PADRE HERRERA	38207	38207	00038	1	9999	2	9998	0038
38004752  	PADRE VICTORIA	38208	38208	00038	1	9999	2	9998	0038
38004438  	PALMERAS	38205	38205	00038	1	9999	2	9998	0038
38004708  	PALMERAS, LAS	38208	38208	00038	1	9999	2	9998	0038
38004921  	PARQUE DE GUAJARA	38296	38296	00038	1	9999	2	9998	0038
38004515  	PARROCO GARCIA PEREZ	38205	38205	00038	1	9999	2	9998	0038
38004927  	PATOS, LOS	38296	38296	00038	1	9999	2	9998	0038
38004909  	PAZ, DE LA (GUAJARA)	38296	38296	00038	1	9999	2	9998	0038
38004928  	PEDREGAL, EL	38296	38296	00038	1	9999	2	9998	0038
38004643  	PEDRO DE BETHENCOURT	38206	38206	00038	1	9999	2	9998	0038
38004709  	PEDRO DE GUEZALA	38208	38208	00038	1	9999	2	9998	0038
38004599  	PEDRO GONZALEZ (GAVIAS)	38206	38206	00038	1	9999	2	9998	0038
38004276  	PEDRO PINTO DE LA ROSA	38201	38201	00038	1	9999	2	9998	0038
38004644  	PERALES, LOS	38206	38206	00038	1	9999	2	9998	0038
38004600  	PERDIZ, LA	38206	38206	00038	1	9999	2	9998	0038
38004910  	PERDIZ, LA (GENETO)	38296	38296	00038	1	9999	2	9998	0038
38004323  	PESO, EL	38202	38202	00038	1	9999	2	9998	0038
38004911  	PICONERA, LA (GENETO)	38296	38296	00038	1	9999	2	9998	0038
38004929  	PIEDAD, LA	38296	38296	00038	1	9999	2	9998	0038
38004710  	PINO, EL	38208	38208	00038	1	9999	2	9998	0038
38004516  	PISCIS	38205	38205	00038	1	9999	2	9998	0038
38004551  	PITERITAS	38205	38205	00038	1	9999	2	9998	0038
38004843  	PLATANERA	38291	38291	00038	1	9999	2	9998	0038
38004517  	PLUTON	38205	38205	00038	1	9999	2	9998	0038
38004369  	POETA GARCIA CABRERA	38203	38203	00038	1	9999	2	9998	0038
38004518  	POLCA	38205	38205	00038	1	9999	2	9998	0038
38004912  	POLLITOS, LOS (GENETO)	38296	38296	00038	1	9999	2	9998	0038
38004570  	PORTEZUELO, ANTIGUA	38206	38206	00038	0	0	0	0	0038
38004277  	POZO	38201	38201	00038	1	9999	2	9998	0038
38004753  	POZO CABILDO	38208	38208	00038	1	9999	2	9998	0038
38004754  	PRIMO DE RIVERA	38208	38208	00038	1	27	2	30	0038
38004278  	PRIMO DE RIVERA	38201	38201	00038	29	9999	32	9998	0038
38004930  	PROGRESO (GUAJARA)	38296	38296	00038	1	9999	2	9998	0038
38004913  	PROSPERIDAD (GUAJARA)	38296	38296	00038	1	9999	2	9998	0038
38004519  	PUENTE, EL	38205	38205	00038	1	9999	2	9998	0038
38004520  	PUERTO CRUZ	38205	38205	00038	1	9999	2	9998	0038
38004601  	PUERTO DE LA GUAIRA	38206	38206	00038	1	9999	2	9998	0038
38004602  	PULPITO, EL	38206	38206	00038	1	9999	2	9998	0038
38004521  	PUNTO CUBANO	38205	38205	00038	1	9999	2	9998	0038
38004668  	QUINTA, LA	38207	38207	00038	1	9999	2	9998	0038
38004279  	QUINTERAS	38201	38201	00038	1	9999	2	9998	0038
38004280  	QUINTIN BENITO	38201	38201	00038	1	17	2	6	0038
38004645  	QUINTIN BENITO	38206	38206	00038	19	9999	8	9998	0038
38004281  	RAMON GARCIA ROJAS	38201	38201	00038	1	9999	2	9998	0038
38004755  	REPUBLICA ARGENTINA	38208	38208	00038	1	9999	2	9998	0038
38004646  	REPUBLICA VENEZUELA	38206	38206	00038	1	9999	2	9998	0038
38004597  	REPUBLICA VENEZUELA, "A"	38206	38206	00038	1	9999	2	9998	0038
38004598  	REPUBLICA VENEZUELA, "B"	38206	38206	00038	1	9999	2	9998	0038
38004371  	RETAMA	38203	38203	00038	1	9999	2	9998	0038
38004522  	REY Y LA REINA, EL	38205	38205	00038	1	9999	2	9998	0038
38004756  	RINCON, EL	38208	38208	00038	1	9999	2	9998	0038
38004711  	ROBLE, EL	38208	38208	00038	1	9999	2	9998	0038
38004603  	RODEOS, LOS	38206	38206	00038	1	9999	2	9998	0038
38004282  	RODRIGUEZ MOURE	38201	38201	00038	1	9999	2	9998	0038
38004523  	ROMAN CARNICERO	38205	38205	00038	1	9999	2	9998	0038
38004427  	ROQUE GANDO	38205	38205	00038	1	9999	2	9998	0038
38004524  	ROQUE NUBLO	38205	38205	00038	1	9999	2	9998	0038
38004373  	ROSALES, LOS	38203	38203	00038	1	9999	2	9998	0038
38004428  	ROSARIO, DEL	38205	38205	00038	1	9999	2	9998	0038
38004757  	RUA 9	38208	38208	00038	1	9999	2	9998	0038
38004758  	RUA, LA	38208	38208	00038	17	9999	18	9998	0038
38004669  	RUISEÑOR	38207	38207	00038	1	9999	2	9998	0038
38004374  	SABANDEÑOS	38203	38203	00038	1	9999	2	9998	0038
38004324  	SABINO BERTHELOT	38202	38202	00038	1	9999	2	9998	0038
38004525  	SAGITARIO	38205	38205	00038	1	9999	2	9998	0038
38004931  	SAGRADA FAMILIA (GENETO)	38296	38296	00038	1	9999	2	9998	0038
38004688  	SALLE, LA	38207	38207	00038	1	9999	2	9998	0038
38004526  	SALTONAS	38205	38205	00038	1	9999	2	9998	0038
38004284  	SAN AGUSTIN	38201	38201	00038	1	9999	2	9998	0038
38004330  	SAN ANTONIO	38202	38202	00038	1	57	2	56	0038
38004341  	SAN ANTONIO	38203	38203	00038	59	9999	58	9998	0038
38004647  	SAN ANTONIO 9	38206	38206	00038	1	9999	2	9998	0038
38004932  	SAN BARTOLOME DE GENETO	38296	38296	00038	0	0	0	0	0038
38004375  	SAN BORONDON	38203	38203	00038	1	9999	2	9998	0038
38004404  	SAN CRISTOBAL	38204	38204	00038	1	9999	2	9998	0038
38004759  	SAN DIEGO	38208	38208	00038	1	9999	2	9998	0038
38004604  	SAN ELIAS	38206	38206	00038	1	9999	2	9998	0038
38004429  	SAN EPIFANIO	38205	38205	00038	1	9999	2	9998	0038
38004527  	SAN FRANCISCO DE PAULA	38205	38205	00038	1	9999	2	9998	0038
38004243  	SAN FRANCISCO, DE	38201	38201	00038	1	9999	2	9998	0038
38004376  	SAN HONORATO	38203	38203	00038	1	9999	2	9998	0038
38004377  	SAN JOAQUIN	38203	38203	00038	1	9999	2	9998	0038
38004285  	SAN JOSE	38201	38201	00038	1	9999	2	9998	0038
38004340  	SAN JUAN	38203	38203	00038	1	9999	2	9998	0038
38004339  	SAN JUAN	38203	38203	00038	1	9999	2	9998	0038
38004528  	SAN JUAN DE LA RAMBLA	38205	38205	00038	1	9999	2	9998	0038
38004648  	SAN LAZARO	38206	38206	00038	1	9999	2	9998	0038
38004933  	SAN MIGUEL DE GENETO, DE	38296	38296	00038	1	9999	2	9998	0038
38004430  	SAN PANCRACIO	38205	38205	00038	1	9999	2	9998	0038
38004670  	SANCHO	38207	38207	00038	1	9999	2	9998	0038
38004914  	SANSOFE	38296	38296	00038	1	9999	2	9998	0038
38004605  	SANTA ANA	38206	38206	00038	1	9999	2	9998	0038
38004712  	SANTA CECILIA	38208	38208	00038	1	9999	2	9998	0038
38004713  	SANTA GEMA	38208	38208	00038	1	9999	2	9998	0038
38004431  	SANTA MARIA DE GRACIA	38205	38205	00038	1	9999	2	9998	0038
38004529  	SANTA URSULA	38205	38205	00038	1	9999	2	9998	0038
38004286  	SANTIAGO CUADRADO	38201	38201	00038	1	9999	2	9998	0038
38004530  	SANTIAGO DEL TEIDE	38205	38205	00038	1	9999	2	9998	0038
38004287  	SANTO DOMINGO	38201	38201	00038	1	9999	2	9998	0038
38004531  	SATURNO	38205	38205	00038	1	9999	2	9998	0038
38004532  	SAUZAL	38205	38205	00038	1	9999	2	9998	0038
38004409  	SECUNDINO DELGADO, DE	38204	38204	00038	1	9999	2	9998	0038
38004649  	SEGUNDA NAVA TOSCANA	38206	38206	00038	1	9999	2	9998	0038
38004378  	SEIS DE DICIEMBRE	38203	38203	00038	1	9999	2	9998	0038
38004434  	SEMINARIO	38205	38205	00038	1	9999	2	9998	0038
38004915  	SERRERIA, LA	38296	38296	00038	1	9999	2	9998	0038
38004890  	SEVILLA	38295	38295	00038	1	9999	2	9998	0038
38004534  	SILOS, LOS	38205	38205	00038	1	9999	2	9998	0038
38004288  	SILVERIO ALONSO	38201	38201	00038	1	9999	2	9998	0038
38004650  	SIMON BOLIVAR	38206	38206	00038	1	9999	2	9998	0038
38004410  	SIN SALIDA	38204	38204	00038	1	9999	2	9998	0038
38004535  	SIRINOQUE	38205	38205	00038	1	9999	2	9998	0038
38004289  	SOL	38201	38201	00038	1	9999	2	9998	0038
38004689  	SOR ESTELA	38207	38207	00038	1	9999	2	9998	0038
38004536  	SORONDONGO	38205	38205	00038	1	9999	2	9998	0038
38004405  	SOTA, LA	38204	38204	00038	1	9999	2	9998	0038
38004290  	TABARES DE CALA	38201	38201	00038	1	9999	2	9998	0038
38004537  	TABURIENTE	38205	38205	00038	1	9999	2	9998	0038
38004538  	TACORONTE	38205	38205	00038	1	9999	2	9998	0038
38004432  	TAGULUCHE	38205	38205	00038	1	9999	2	9998	0038
38004651  	TAJARASTE	38206	38206	00038	1	9999	2	9998	0038
38004652  	TAJINASTE	38206	38206	00038	1	9999	2	9998	0038
38004653  	TAMARAN	38206	38206	00038	1	9999	2	9998	0038
38004654  	TAMARCO	38206	38206	00038	1	9999	2	9998	0038
38004539  	TANGANILLO	38205	38205	00038	1	9999	2	9998	0038
38004662  	TANQUE, EL (SAN LAZARO)	38206	38206	00038	1	9999	2	9998	0038
38004433  	TECORISE	38205	38205	00038	1	9999	2	9998	0038
38004606  	TEJAR, EL	38206	38206	00038	1	9999	2	9998	0038
38004655  	TENEGUIA	38206	38206	00038	1	9999	2	9998	0038
38004555  	TENEGUYA	38205	38205	00038	1	9999	2	9998	0038
38004244  	TEOBALDO POWER	38201	38201	00038	1	9999	2	9998	0038
38004557  	TIERRA, LA	38205	38205	00038	1	9999	2	9998	0038
38004656  	TIMANFAYA	38206	38206	00038	1	9999	2	9998	0038
38004540  	TINDAYA	38205	38205	00038	1	9999	2	9998	0038
38004607  	TINERFE	38206	38206	00038	1	9999	2	9998	0038
38004291  	TIO BLAS	38201	38201	00038	1	9999	2	9998	0038
38004325  	TIZON	38202	38202	00038	1	9999	2	9998	0038
38004715  	TOMAS DE IRIARTE	38208	38208	00038	1	9999	2	9998	0038
38004608  	TOMILLO, EL	38206	38206	00038	1	9999	2	9998	0038
38004657  	TORNERO	38206	38206	00038	1	9999	2	9998	0038
38004934  	TORTOLA, LA	38296	38296	00038	1	9999	2	9998	0038
38004609  	TORVISCAS	38206	38206	00038	1	9999	2	9998	0038
38004610  	TRES PINOS	38206	38206	00038	1	9999	2	9998	0038
38004761  	TRICIADA	38208	38208	00038	1	9999	2	9998	0038
38004379  	TRINIDAD, DE LA	38203	38203	00038	0	0	76	9998	0038
38004406  	TRINIDAD, DE LA	38204	38204	00038	1	9999	2	74	0038
38004541  	UCANCA	38205	38205	00038	1	9999	2	9998	0038
38004916  	UNION, DE LA	38296	38296	00038	1	9999	2	9998	0038
38004292  	UNIVERSIDAD	38201	38201	00038	1	5	2	6	0038
38004763  	UNIVERSIDAD	38208	38208	00038	7	9999	8	9998	0038
38004542  	UNIVERSO	38205	38205	00038	1	9999	2	9998	0038
38004439  	URANO	38205	38205	00038	1	9999	2	9998	0038
38004658  	VALLADO, EL	38206	38206	00038	1	9999	2	9998	0038
38004917  	VANESA DE LOS VOLCANES	38296	38296	00038	0	0	0	0	0038
38004543  	VENUS	38205	38205	00038	1	9999	2	9998	0038
38004436  	VERANO	38205	38205	00038	1	9999	2	9998	0038
38004611  	VERBENA, LA	38206	38206	00038	1	9999	2	9998	0038
38004690  	VERDELLADA	38207	38207	00038	1	9999	2	9998	0038
38004716  	VEREDA CHICA	38208	38208	00038	1	9999	2	9998	0038
38004717  	VEREDA CORTA	38208	38208	00038	1	9999	2	9998	0038
38004544  	VERODE	38205	38205	00038	1	9999	2	9998	0038
38004437  	VIA LACTEA	38205	38205	00038	1	9999	2	9998	0038
38004408  	VIANA	38204	38204	00038	1	0	2	0	0038
38004293  	VIANA	38201	38201	00038	3	9999	4	9998	0038
38004691  	VICENTE BUERGO ORAA	38207	38207	00038	1	9999	2	9998	0038
38004545  	VICTORIA, LA	38205	38205	00038	1	9999	2	9998	0038
38004380  	VILLA, DE LA	38203	38203	00038	1	9999	2	9998	0038
38004659  	VILLA, LA	38206	38206	00038	1	9999	2	9998	0038
38004546  	VILLAS DEL PRADO	38205	38205	00038	1	9999	2	9998	0038
38004547  	VIÑA NAVA	38205	38205	00038	1	9999	2	9998	0038
38004548  	VIÑA, LA	38205	38205	00038	1	9999	2	9998	0038
38004381  	VIOLETA	38203	38203	00038	1	9999	2	9998	0038
38004660  	VIRGEN DEL COROMOTO	38206	38206	00038	1	9999	2	9998	0038
38004878  	VOLCAN FUJILLAMA/FUJIYAMA	38295	38295	00038	0	0	0	0	0038
38004879  	VOLCAN JAVA	38295	38295	00038	0	0	0	0	0038
38004880  	VOLCAN VESUBIO	38295	38295	00038	0	0	0	0	0038
38004762  	WAGNER	38208	38208	00038	1	9999	2	9998	0038
38004326  	WENCESLAO YANES GONZALEZ	38202	38202	00038	1	9999	2	9998	0038
38004718  	YAYITA RIOS	38208	38208	00038	1	9999	2	9998	0038
38004719  	YEDRAS, LAS	38208	38208	00038	1	9999	2	9998	0038
38004881  	YERAY	38295	38295	00038	0	0	0	0	0038
38004612  	YUGO, EL	38206	38206	00038	1	9999	2	9998	0038
38004948  	ZURRON, EL	38298	38298	00038	1	9999	2	9998	0038
38003733  	AGUSTIN CABRERA DIAZ	38008	38008	00038	1	9999	2	9998	0038
38003655  	ALVAREZ, 1 Y 2	38007	38007	00038	1	9999	2	9998	0038
38003234  	ANAGA	38001	38001	00038	1	9999	2	9998	0038
38003487  	ANTONIO DE NEBRIJA	38005	38005	00038	1	9999	2	9998	0038
38004056  	ARAUCANO	38010	38010	00038	1	9999	2	9998	0038
38003877  	ARTURO BALLESTER	38009	38009	00038	1	9999	2	9998	0038
38003663  	AZORIN	38007	38007	00038	1	9999	2	9998	0038
38004066  	BARRIADA SAN PIO X	38010	38010	00038	1	9999	2	9998	0038
38003739  	BARTOLOME CIFRA	38008	38008	00038	1	9999	2	9998	0038
38003884  	BOLIVIA	38009	38009	00038	1	9999	2	9998	0038
38003562  	CANDADO	38006	38006	00038	1	9999	2	9998	0038
38003355  	CARMEN MONTEVERDE	38003	38003	00038	1	9999	2	9998	0038
38003565  	CERRADURA	38006	38006	00038	1	9999	2	9998	0038
38003893  	CIUDAD RODRIGO	38009	38009	00038	1	9999	2	9998	0038
38003496  	CORALES	38005	38005	00038	1	9999	2	9998	0038
38003672  	DESIREE DOGOUR	38007	38007	00038	1	9999	2	9998	0038
38003577  	DOCTOR MARAÑON	38006	38006	00038	1	9999	2	9998	0038
38003428  	DUGGI	38004	38004	00038	1	9999	2	9998	0038
38003242  	ELIAS RAMOS GONZALEZ	38001	38001	00038	1	9999	2	9998	0038
38003909  	ERESE	38009	38009	00038	1	9999	2	9998	0038
38003366  	EUROPA	38003	38003	00038	1	9999	2	9998	0038
38003919  	FERNANDO BEAUTELL	38009	38009	00038	1	9999	2	9998	0038
38003922  	FRANCISCO GARCIA TALAVERA	38009	38009	00038	1	9999	2	9998	0038
38003370  	FUENTE DE SANTA CRUZ	38003	38003	00038	1	9999	2	9998	0038
38003929  	GENERAL DE LA LAGUNA	38009	38009	00038	1	9999	2	9998	0038
38003646  	GENERAL RAMOS SERRANO	38006	38006	00038	9	9999	0	0	0038
38003762  	GUAÑANEME	38008	38008	00038	1	9999	2	9998	0038
38004109  	HERNAN CORTES	38010	38010	00038	1	9999	2	9998	0038
38003937  	ICOR	38009	38009	00038	1	9999	2	9998	0038
38003940  	IZCAGUE	38009	38009	00038	1	9999	2	9998	0038
38003947  	JOSE GUEZALA BIGNORY	38009	38009	00038	1	9999	2	9998	0038
38003955  	JUAN DE VALDES	38009	38009	00038	1	9999	2	9998	0038
38003777  	JUNONIA	38008	38008	00038	1	9999	2	9998	0038
38003609  	LLAVITA, LA	38006	38006	00038	1	9999	2	9998	0038
38003694  	MADRID	38007	38007	00038	1	9999	2	9998	0038
38003964  	MANUEL RAMOS VELA	38009	38009	00038	1	9999	2	9998	0038
38003390  	MEJIAS	38003	38003	00038	1	9999	2	9998	0038
38004128  	MESONERO ROMANOS	38010	38010	00038	1	9999	2	9998	0038
38004131  	MINISTERIOS	38010	38010	00038	1	9999	2	9998	0038
38003797  	NEGRIN	38008	38008	00038	1	9999	2	9998	0038
38003703  	PABLO PICASSO	38007	38007	00038	1	9999	2	9998	0038
38003547  	PEDRO DE MENDOZA	38005	38005	00038	1	9999	2	9998	0038
38004135  	PEDRO DE VALDIVIA	38010	38010	00038	1	9999	2	9998	0038
38004137  	PERLA	38010	38010	00038	1	9999	2	9998	0038
38003619  	POETA HERNANDEZ AMADOR	38006	38006	00038	1	9999	2	9998	0038
38006452  	POZO, EL	38150	38150	00038	0	0	0	0	0038
38003997  	PUERTO RICO	38009	38009	00038	1	9999	2	9998	0038
38003402  	RAMON Y CAJAL	38003	38003	00038	1	5	2	8	0038
38003263  	RAVINA	38001	38001	00038	1	9999	2	9998	0038
38003815  	RIO DUERO	38008	38008	00038	1	9999	2	9998	0038
38004001  	RIVAS MORENO	38009	38009	00038	1	9999	2	9998	0038
38003536  	SALLE, LA	38005	38005	00038	1	25	2	9998	0038
38004004  	SAN BLAS	38009	38009	00038	1	9999	2	9998	0038
38003272  	SAN JUAN BAUTISTA	38001	38001	00038	41	9999	42	9998	0038
38003274  	SAN MIGUEL	38001	38001	00038	7	9999	6	9998	0038
38004013  	SANSON Y BARRIOS	38009	38009	00038	1	9999	2	9998	0038
38003410  	SANTO DOMINGO	38003	38003	00038	1	9999	2	9998	0038
38003716  	SEVERO OCHOA	38007	38007	00038	1	9999	2	9998	0038
38003412  	SUAREZ GUERRA	38003	38003	00038	1	23	2	18	0038
38004024  	TAMADAYA	38009	38009	00038	1	9999	2	9998	0038
38003541  	TIRSO DE MOLINA	38005	38005	00038	1	9999	2	9998	0038
38003544  	VALENCIA	38005	38005	00038	1	9999	2	9998	0038
38004162  	VICTOR MONJUY	38010	38010	00038	1	9999	2	9998	0038
38003726  	ZURBARAN	38007	38007	00038	1	9999	2	9998	0038
38004412  	AIRAM	38205	38205	00038	1	9999	2	9998	0038
38004445  	AMERICAS, LAS	38205	38205	00038	1	9999	2	9998	0038
38004297  	ANTONIO GONZALEZ SUAREZ	38202	38202	00038	1	9999	2	9998	0038
38004392  	BARCELONA	38204	38204	00038	1	9999	2	9998	0038
38004417  	BARTOLOME BENITEZ	38205	38205	00038	1	9999	2	9998	0038
38004621  	CABILDO	38206	38206	00038	1	9999	2	9998	0038
38004302  	CARRETAS	38202	38202	00038	1	9999	2	9998	0038
38004897  	CERRAJERIA, LA	38296	38296	00038	0	0	0	0	0038
38004245  	CONCEPCION, DE LA	38201	38201	00038	1	9999	2	9998	0038
38004697  	CUPRESO, EL	38208	38208	00038	1	9999	2	9998	0038
38004469  	ECHEYDE	38205	38205	00038	1	9999	2	9998	0038
38004812  	ESCALDON, EL	38291	38291	00038	1	9999	2	9998	0038
38004331  	ESCULTOR LUJAN PEREZ	38203	38203	00038	1	9999	2	9998	0038
38004332  	FLOR DE LYS	38203	38203	00038	1	9999	2	9998	0038
38004481  	GAROE	38205	38205	00038	1	9999	2	9998	0038
38004485  	GRANADILLA	38205	38205	00038	1	9999	2	9998	0038
38004265  	HERRADORES	38201	38201	00038	31	9999	42	9998	0038
38004923  	IGUALDAD (GUAJARA)	38296	38296	00038	1	9999	2	9998	0038
38004683  	JUAN PEREZ DELGADO	38207	38207	00038	1	9999	2	9998	0038
38004426  	LORA TAMAYO	38205	38205	00038	1	9999	2	9998	0038
38004498  	MALAGA	38205	38205	00038	1	9999	2	9998	0038
38004748  	MARCOS REDONDO	38208	38208	00038	1	9999	2	9998	0038
38004506  	MEDIO, DEL	38205	38205	00038	1	9999	2	9998	0038
38004402  	MORALES	38204	38204	00038	1	9999	2	9998	0038
38004321  	NISPEROS	38202	38202	00038	1	9999	2	9998	0038
38004512  	ORION	38205	38205	00038	1	9999	2	9998	0038
38004275  	PARRA, LA	38201	38201	00038	1	9999	2	9998	0038
38004337  	PEDRO GARCIA CABRERA	38203	38203	00038	1	9999	2	9998	0038
38004370  	POLIGONO PADRE ANCHIETA	38203	38203	00038	1	9999	2	9998	0038
38004242  	REMOJO, EL	38201	38201	00038	1	9999	2	9998	0038
38004372  	ROSA, LA	38203	38203	00038	1	9999	2	9998	0038
38004283  	RUA, LA	38201	38201	00038	1	15	2	16	0038
38004327  	SAN BENITO Y BARRIOS	38202	38202	00038	1	9999	2	9998	0038
38004760  	SAN ROQUE	38208	38208	00038	1	9999	2	9998	0038
38004533  	SEGUIDILLAS	38205	38205	00038	1	9999	2	9998	0038
38004714  	TABARES BARTLET	38208	38208	00038	1	9999	2	9998	0038
38004556  	TENO	38205	38205	00038	1	9999	2	9998	0038
38004435  	VALENCIA	38205	38205	00038	1	9999	2	9998	0038
38004389  	VICTOR ZURITA SOLER	38204	38204	00038	1	9999	2	9998	0038
