12	GTOS      	1326.0		01	2003
00	129       	0.0		01	2003
00	129       	0.0		01	2004
08	129       	0.0		01	2004
12	GTOS      	0.0		01	2004
09	GTOS      	131352.47		01	2004
09	129       	1689.8900000000001		01	2004
12	129       	43213.440000000002		01	2004
12	GTOS      	116524.62		01	2005
00	129       	-18101.5		01	2005
03	GTOS      	641607.27000000002		01	2005
05	GTOS      	336108.01000000001		01	2005
12	GTOS      	0.0		02	2004
00	129       	0.0		02	2004
05	GTOS      	7.2999999999999998		02	2005
00	129       	12621.35		02	2005
12	GTOS      	22900.130000000001		02	2005
12	GTOS      	14324.959999999999		03	2005
00	129       	1757.8699999999999		03	2005
08	GTOS      	3283.96		02	2005
09	GTOS      	11319.200000000001		02	2005
09	129       	12621.35		02	2005
09	GTOS      	0.0		02	2004
09	129       	-42.439999999999998		02	2004
10	GTOS      	1011.21		02	2005
10	129       	1011.21		02	2005
11	GTOS      	22900.130000000001		02	2005
11	129       	12621.35		02	2005
11	GTOS      	0.0		02	2004
11	129       	0.0		02	2004
12	129       	-18101.5		01	2005
12	129       	12621.35		02	2005
12	129       	0.0		02	2004
01	GTOS      	2370.5100000000002		01	2005
01	129       	-4644.4799999999996		01	2005
12	GTOS      	35519.32		02	2006
00	129       	-8837.9599999999991		02	2006
03	GTOS      	8569.0400000000009		02	2006
03	GTOS      	22908.77		02	2005
01	129       	11179.309999999999		02	2005
01	129       	0.0		02	2004
12	GTOS      	1839856.3200000001		01	2006
00	129       	40189.660000000003		01	2006
12	GTOS      	20153.130000000001		03	2006
00	129       	9633.0699999999997		03	2006
12	129       	1757.8699999999999		03	2005
07	GTOS      	6157.8900000000003		01	2006
07	129       	-10736.48		01	2006
07	GTOS      	116524.62		01	2005
07	129       	-18101.5		01	2005
09	GTOS      	26439.16		02	2006
09	129       	-7902.1400000000003		02	2006
11	GTOS      	35519.32		02	2006
11	129       	-8837.9599999999991		02	2006
12	GTOS      	5043.5		03	2007
00	129       	-19434.34		03	2007
12	129       	4172.5600000000004		03	2006
12	129       	0.0		01	2006
12	GTOS      	31230.700000000001		01	2007
00	129       	-15340.900000015001		01	2007
01	GTOS      	36.359999999999999		01	2007
01	129       	-1294.55		01	2007
01	GTOS      	0.0		01	2006
01	129       	0.0		01	2006
12	129       	2269.490000000008		01	2007
04	GTOS      	0.0		02	2007
04	129       	0.0		02	2007
04	GTOS      	35517.040000000001		02	2006
04	129       	-8840.2399999999998		02	2006
12	GTOS      	9768.1800000000003		02	2007
12	129       	-4496.4099999999999		02	2007
12	129       	-8837.9599999999991		02	2006
07	GTOS      	483.89999999999998		02	2007
07	129       	-57.090000000000003		02	2007
07	GTOS      	35519.32		02	2006
07	129       	-8837.9599999999991		02	2006
00	129       	-4496.4099999999999		02	2007
11	GTOS      	8186.6300000000001		02	2007
11	129       	-3838.5		02	2007
12	GTOS      	10499.379999999999		03	2008
00	129       	34970.660000000003		03	2008
12	GTOS      	199775.38		01	2008
00	129       	15311.529999998769		01	2008
06	GTOS      	11532.959999999999		01	2008
06	129       	-990.72000000000003		01	2008
06	GTOS      	31130.700000000001		01	2007
06	129       	-2098.5100000000002		01	2007
10	GTOS      	6057.5200000000004		02	2008
10	129       	-1889.75		02	2008
10	GTOS      	9768.1800000000003		02	2007
10	129       	-4496.4099999999999		02	2007
12	GTOS      	10048.16		02	2008
12	129       	1983.6099999999999		02	2008
00	129       	185.27000000000081		02	2008
12	GTOS      	8953.1200000000008		01	2009
12	129       	6640.1999999999998		01	2009
12	129       	153708.01999999999		01	2008
12	IMAI      	5931.1199999999999		01	2009
12	APYG      	-6640.1999999999998		01	2009
12	IMAI      	8131.4499999999998		01	2008
12	APYG      	-8131.4499999999998		01	2008
12	IMAI      	2116.5999999999999		01	2007
12	APYG      	-2269.490000000008		01	2007
00	GTOS      	1562099.72		01	2008
00	GTOS      	1752245.8		01	2007
00	IMAI      	20989.25		01	2009
00	129       	-20989.250000000029		01	2009
00	APYG      	20989.25		01	2009
00	IMAI      	14864.700000000001		01	2008
00	APYG      	0.0		01	2008
00	IMAI      	-33931.800000000003		01	2007
00	APYG      	15340.900000015001		01	2007
00	GTOS      	101374.03		01	2009
00	GTOS      	9877.2600000000002		02	2008
00	GTOS      	9768.1800000000003		02	2007
00	GTOS      	35519.32		02	2006
00	IMAI      	185.27000000000001		02	2008
00	APYG      	-185.27000000000081		02	2008
00	IMAI      	-7966.6099999999997		02	2007
00	APYG      	7966.6099999999997		02	2007
00	GTOS      	2816.3899999999999		03	2009
00	129       	2799.96		03	2009
00	GTOS      	10499.379999999999		03	2008
00	IMAI      	2799.96		03	2009
00	APYG      	-2799.96		03	2009
00	IMAI      	34970.660000000003		03	2008
00	APYG      	-34970.660000000003		03	2008
00	GTOS      	4239.9499999999998		02	2009
00	129       	-658.3199999999963		02	2009
00	GTOS      	22900.130000000001		02	2005
06	GTOS      	63278.419999999998		01	2009
06	129       	-5792.9799999999941		01	2009
06	IMAI      	-12549.65		01	2009
06	APYG      	5792.9799999999941		01	2009
08	GTOS      	964.09000000000003		01	2009
08	129       	-4736.8100000000004		01	2009
10	IMAI      	34335.459999999999		01	2009
10	129       	34335.459999999999		01	2009
10	APYG      	-34335.459999999999		01	2009
00	129       	219936.82999999999		01	2010
00	APYG      	-219936.82999999999		01	2010
00	IMAI      	852.52999999999997		02	2009
00	APYG      	-658.3199999999963		02	2009
12	IMAI      	-1578.8800000000001		02	2009
12	129       	1764.02		02	2009
12	APYG      	-1764.02		02	2009
00	GTOS      	88190.339999999997		01	2010
06	IMAI      	278493.21000000002		01	2010
06	129       	278493.21000000002		01	2010
06	APYG      	-278493.21000000002		01	2010
00	IMAI      	-219936.82999999999		01	2010
09	IMAI      	77012.479999999996		01	2010
09	129       	-77012.479999999996		01	2010
09	APYG      	77012.479999999996		01	2010
12	IMAI      	-122162.58		01	2010
12	129       	122162.58		01	2010
12	APYG      	-122162.58		01	2010
00	IMAI      	2169.0300000000002		02	2010
00	129       	-1897.9000000000001		02	2010
00	APYG      	-1897.9000000000001		02	2010
01	IMAI      	-29.530000000000001		02	2011
01	129       	2938.8200000000002		02	2011
01	APYG      	-29.530000000000001		02	2011
01	IMAI      	4028.5700000000002		01	2011
01	129       	-4028.5700000000002		01	2011
01	APYG      	4028.5700000000002		01	2011
01	GTOS      	2938.8200000000002		02	2011
00	GTOS      	2239.4899999999998		02	2010
00	IMAI      	8907.8199999999997		02	2011
00	129       	8907.8200000000015		02	2011
00	APYG      	-8907.8200000000015		02	2011
02	129       	2725.0300000000002		02	2011
02	APYG      	-2725.0300000000002		02	2011
02	IMAI      	-2725.0300000000002		02	2011
03	IMAI      	231.19		02	2011
03	129       	-231.19		02	2011
03	APYG      	231.19		02	2011
00	IMAI      	122084.69		01	2011
00	129       	-122084.69		01	2011
00	APYG      	-122084.69		01	2011
12	129       	0.0		02	2010
12	APYG      	0.0		02	2010
  	APYG      	122084.69		01	2011
  	APYG      	0.0		01	2010
09	IMAI      	47908.440000000002		01	2011
09	129       	-47908.440000000002		01	2011
09	APYG      	47908.440000000002		01	2011
