00 	00 	0.0	-         		
11 	31 	4.0	A         	-1.0	999999.0
11 	32 	4.0	A         	-1.0	999999.0
11 	33 	4.0	A         	-1.0	999999.0
11 	41 	4.0	A         	-1.0	999999.0
11 	42 	4.0	A         	-1.0	999999.0
11 	C2 	4.0	A         	-1.0	999999.0
11 	C3 	4.0	A         	-1.0	999999.0
11 	C6 	4.0	A         	-1.0	999999.0
11 	C8 	4.0	A         	-1.0	999999.0
12 	31 	2.7999999999999998	A         	-1.0	999999.0
12 	32 	2.7999999999999998	A         	-1.0	999999.0
12 	33 	2.7999999999999998	A         	-1.0	999999.0
12 	41 	2.7999999999999998	A         	-1.0	999999.0
12 	42 	2.7999999999999998	A         	-1.0	999999.0
13 	31 	1.2	A         	-1.0	999999.0
13 	32 	1.2	A         	-1.0	999999.0
13 	33 	1.2	A         	-1.0	999999.0
13 	41 	1.2	A         	-1.0	999999.0
13 	42 	1.2	A         	-1.0	999999.0
14 	11 	1.0700000000000001	A         	-1.0	999999.0
14 	12 	1.0	A         	-1.0	999999.0
14 	21 	1.2	A         	-1.0	999999.0
14 	22 	1.2	A         	-1.0	999999.0
14 	23 	1.2	A         	-1.0	999999.0
14 	31 	1.2	A         	-1.0	999999.0
14 	32 	1.2	A         	-1.0	999999.0
14 	33 	1.2	A         	-1.0	999999.0
14 	41 	1.2	A         	-1.0	999999.0
14 	42 	1.2	A         	-1.0	999999.0
15 	31 	4.0	A         	-1.0	999999.0
15 	32 	4.0	A         	-1.0	999999.0
15 	33 	4.0	A         	-1.0	999999.0
15 	41 	4.0	A         	-1.0	999999.0
15 	42 	4.0	A         	-1.0	999999.0
16 	31 	1.2	A         	-1.0	999999.0
16 	32 	1.2	A         	-1.0	999999.0
16 	33 	1.2	A         	-1.0	999999.0
16 	41 	1.2	A         	-1.0	999999.0
16 	42 	1.2	A         	-1.0	999999.0
17 	11 	1.0700000000000001	A         	-1.0	999999.0
17 	12 	1.0	A         	-1.0	999999.0
17 	21 	1.2	A         	-1.0	999999.0
17 	22 	1.2	A         	-1.0	999999.0
17 	23 	1.2	A         	-1.0	999999.0
17 	31 	1.2	A         	-1.0	999999.0
17 	32 	1.2	A         	-1.0	999999.0
17 	33 	1.2	A         	-1.0	999999.0
17 	41 	1.2	A         	-1.0	999999.0
17 	42 	1.2	A         	-1.0	999999.0
11 	11 	3.3300000000000001	B         	-1.0	999999.0
11 	12 	3.3300000000000001	B         	-1.0	999999.0
11 	13 	3.3300000000000001	B         	-1.0	999999.0
11 	21 	3.5800000000000001	B         	-1.0	999999.0
11 	22 	3.5800000000000001	B         	-1.0	999999.0
11 	23 	3.5800000000000001	B         	-1.0	999999.0
11 	51 	3.5800000000000001	B         	-1.0	999999.0
11 	52 	3.5800000000000001	B         	-1.0	999999.0
11 	61 	3.5800000000000001	B         	-1.0	999999.0
11 	62 	3.5800000000000001	B         	-1.0	999999.0
11 	63 	3.5800000000000001	B         	-1.0	999999.0
11 	71 	3.5800000000000001	B         	-1.0	999999.0
11 	72 	3.5800000000000001	B         	-1.0	999999.0
11 	73 	3.5800000000000001	B         	-1.0	999999.0
11 	74 	3.5800000000000001	B         	-1.0	999999.0
11 	75 	3.5800000000000001	B         	-1.0	999999.0
11 	76 	3.5800000000000001	B         	-1.0	999999.0
11 	81 	3.5800000000000001	B         	-1.0	999999.0
11 	82 	3.5800000000000001	B         	-1.0	999999.0
11 	C1 	3.5800000000000001	B         	-1.0	999999.0
11 	C4 	3.3300000000000001	B         	-1.0	999999.0
11 	C5 	3.5800000000000001	B         	-1.0	999999.0
11 	C7 	3.5800000000000001	B         	-1.0	999999.0
12 	11 	2.3300000000000001	B         	-1.0	999999.0
12 	12 	2.3300000000000001	B         	-1.0	999999.0
12 	13 	2.3300000000000001	B         	-1.0	999999.0
12 	21 	2.5099999999999998	B         	-1.0	999999.0
12 	22 	2.5099999999999998	B         	-1.0	999999.0
12 	23 	2.5099999999999998	B         	-1.0	999999.0
12 	51 	2.5099999999999998	B         	-1.0	999999.0
12 	52 	2.5099999999999998	B         	-1.0	999999.0
12 	61 	2.5099999999999998	B         	-1.0	999999.0
12 	62 	2.5099999999999998	B         	-1.0	999999.0
12 	63 	2.5099999999999998	B         	-1.0	999999.0
12 	71 	2.5099999999999998	B         	-1.0	999999.0
12 	72 	2.5099999999999998	B         	-1.0	999999.0
12 	73 	2.5099999999999998	B         	-1.0	999999.0
12 	74 	2.5099999999999998	B         	-1.0	999999.0
12 	75 	2.5099999999999998	B         	-1.0	999999.0
12 	76 	2.5099999999999998	B         	-1.0	999999.0
12 	81 	2.5099999999999998	B         	-1.0	999999.0
12 	82 	2.5099999999999998	B         	-1.0	999999.0
13 	11 	1.0	B         	-1.0	999999.0
13 	12 	1.0	B         	-1.0	999999.0
13 	13 	1.0	B         	-1.0	999999.0
13 	21 	1.0700000000000001	B         	-1.0	999999.0
13 	22 	1.0700000000000001	B         	-1.0	999999.0
13 	23 	1.0700000000000001	B         	-1.0	999999.0
13 	51 	1.0700000000000001	B         	-1.0	999999.0
13 	52 	1.0700000000000001	B         	-1.0	999999.0
13 	61 	1.0700000000000001	B         	-1.0	999999.0
13 	62 	1.0700000000000001	B         	-1.0	999999.0
13 	63 	1.0700000000000001	B         	-1.0	999999.0
13 	71 	1.0700000000000001	B         	-1.0	999999.0
13 	72 	1.0700000000000001	B         	-1.0	999999.0
13 	73 	1.0700000000000001	B         	-1.0	999999.0
13 	74 	1.0700000000000001	B         	-1.0	999999.0
13 	75 	1.0700000000000001	B         	-1.0	999999.0
13 	76 	1.0700000000000001	B         	-1.0	999999.0
13 	81 	1.0700000000000001	B         	-1.0	999999.0
13 	82 	1.0700000000000001	B         	-1.0	999999.0
14 	13 	1.0	B         	-1.0	999999.0
14 	51 	1.0700000000000001	B         	-1.0	999999.0
14 	52 	1.0700000000000001	B         	-1.0	999999.0
14 	61 	1.0700000000000001	B         	-1.0	999999.0
14 	62 	1.0700000000000001	B         	-1.0	999999.0
14 	63 	1.0700000000000001	B         	-1.0	999999.0
14 	71 	1.0700000000000001	B         	-1.0	999999.0
14 	72 	1.0700000000000001	B         	-1.0	999999.0
14 	73 	1.0700000000000001	B         	-1.0	999999.0
14 	74 	1.0700000000000001	B         	-1.0	999999.0
14 	75 	1.0700000000000001	B         	-1.0	999999.0
14 	76 	1.0700000000000001	B         	-1.0	999999.0
14 	81 	1.0700000000000001	B         	-1.0	999999.0
14 	82 	1.0700000000000001	B         	-1.0	999999.0
15 	11 	3.3300000000000001	B         	-1.0	999999.0
15 	12 	3.3300000000000001	B         	-1.0	999999.0
15 	13 	3.3300000000000001	B         	-1.0	999999.0
15 	21 	3.5800000000000001	B         	-1.0	999999.0
15 	22 	3.5800000000000001	B         	-1.0	999999.0
15 	23 	3.5800000000000001	B         	-1.0	999999.0
15 	51 	3.5800000000000001	B         	-1.0	999999.0
15 	52 	3.5800000000000001	B         	-1.0	999999.0
15 	61 	3.5800000000000001	B         	-1.0	999999.0
15 	62 	3.5800000000000001	B         	-1.0	999999.0
15 	63 	3.5800000000000001	B         	-1.0	999999.0
15 	71 	3.5800000000000001	B         	-1.0	999999.0
15 	72 	3.5800000000000001	B         	-1.0	999999.0
15 	73 	3.5800000000000001	B         	-1.0	999999.0
15 	74 	3.5800000000000001	B         	-1.0	999999.0
15 	75 	3.5800000000000001	B         	-1.0	999999.0
15 	76 	3.5800000000000001	B         	-1.0	999999.0
15 	81 	3.5800000000000001	B         	-1.0	999999.0
15 	82 	3.5800000000000001	B         	-1.0	999999.0
16 	11 	1.0	B         	-1.0	999999.0
16 	12 	1.0	B         	-1.0	999999.0
16 	13 	1.0	B         	-1.0	999999.0
16 	21 	1.0700000000000001	B         	-1.0	999999.0
16 	22 	1.0700000000000001	B         	-1.0	999999.0
16 	23 	1.0700000000000001	B         	-1.0	999999.0
16 	51 	1.0700000000000001	B         	-1.0	999999.0
16 	52 	1.0700000000000001	B         	-1.0	999999.0
16 	61 	1.0700000000000001	B         	-1.0	999999.0
16 	62 	1.0700000000000001	B         	-1.0	999999.0
16 	63 	1.0700000000000001	B         	-1.0	999999.0
16 	71 	1.0700000000000001	B         	-1.0	999999.0
16 	72 	1.0700000000000001	B         	-1.0	999999.0
16 	73 	1.0700000000000001	B         	-1.0	999999.0
16 	74 	1.0700000000000001	B         	-1.0	999999.0
16 	75 	1.0700000000000001	B         	-1.0	999999.0
16 	76 	1.0700000000000001	B         	-1.0	999999.0
16 	81 	1.0700000000000001	B         	-1.0	999999.0
16 	82 	1.0700000000000001	B         	-1.0	999999.0
17 	13 	1.0	B         	-1.0	999999.0
17 	51 	1.0700000000000001	B         	-1.0	999999.0
17 	52 	1.0700000000000001	B         	-1.0	999999.0
17 	61 	1.0700000000000001	B         	-1.0	999999.0
17 	62 	1.0700000000000001	B         	-1.0	999999.0
17 	63 	1.0700000000000001	B         	-1.0	999999.0
17 	71 	1.0700000000000001	B         	-1.0	999999.0
17 	72 	1.0700000000000001	B         	-1.0	999999.0
17 	73 	1.0700000000000001	B         	-1.0	999999.0
17 	74 	1.0700000000000001	B         	-1.0	999999.0
17 	75 	1.0700000000000001	B         	-1.0	999999.0
17 	76 	1.0700000000000001	B         	-1.0	999999.0
17 	81 	1.0700000000000001	B         	-1.0	999999.0
17 	82 	1.0700000000000001	B         	-1.0	999999.0
26 	*  	0.0	C         	-1.0	0.0
27 	*  	0.0	C         	-1.0	0.0
01 	*  	.17000000000000001	C1        	-1.0	999999.0
21 	*  	0.0	C1        	-1.0	0.0
02 	*  	.089999999999999997	C2        	-1.0	999999.0
22 	*  	0.0	C2        	-1.0	0.0
03 	*  	.68999999999999995	C3        	-1.0	999999.0
23 	*  	0.0	C3        	-1.0	0.0
04 	*  	.85999999999999999	C4        	-1.0	999999.0
24 	*  	0.0	C4        	-1.0	0.0
05 	*  	.78000000000000003	C5        	-1.0	999999.0
25 	*  	0.0	C5        	-1.0	0.0
*  	83 	1.0	D         	-1.0	999999.0
11 	C0 	0.0	D         	-1.0	999999.0
11 	C9 	0.0	D         	-1.0	999999.0
31 	*  	0.0	D         	-1.0	999999.0
32 	*  	0.0	D         	-1.0	999999.0
33 	*  	0.0	D         	-1.0	999999.0
41 	*  	0.0	D         	-1.0	999999.0
42 	*  	0.0	D         	-1.0	999999.0
43 	*  	0.0	D         	-1.0	999999.0
44 	*  	0.0	D         	-1.0	999999.0
45 	*  	0.0	D         	-1.0	999999.0
46 	*  	0.0	D         	-1.0	999999.0
51 	*  	0.0	D         	-1.0	999999.0
52 	*  	0.0	D         	-1.0	999999.0
53 	*  	0.0	D         	-1.0	999999.0
54 	*  	0.0	D         	-1.0	999999.0
61 	*  	0.0	D         	-1.0	999999.0
62 	*  	0.0	D         	-1.0	999999.0
63 	*  	0.0	D         	-1.0	999999.0
64 	*  	0.0	D         	-1.0	999999.0
65 	*  	0.0	D         	-1.0	999999.0
66 	*  	0.0	D         	-1.0	999999.0
71 	*  	0.0	D         	-1.0	999999.0
72 	*  	0.0	D         	-1.0	999999.0
73 	*  	0.0	D         	-1.0	999999.0
74 	*  	0.0	D         	-1.0	999999.0
75 	*  	0.0	D         	-1.0	999999.0
81 	*  	0.0	D         	-1.0	999999.0
82 	*  	0.0	D         	-1.0	999999.0
83 	*  	0.0	D         	-1.0	999999.0
91 	*  	0.0	D         	-1.0	999999.0
92 	*  	0.0	D         	-1.0	999999.0
93 	*  	0.0	D         	-1.0	999999.0
94 	*  	0.0	D         	-1.0	999999.0
95 	*  	0.0	D         	-1.0	999999.0
11 	91 	0.0	E         	-1.0	999999.0
11 	92 	0.0	E         	-1.0	999999.0
11 	93 	0.0	E         	-1.0	999999.0
12 	91 	0.0	E         	-1.0	999999.0
12 	92 	0.0	E         	-1.0	999999.0
12 	93 	0.0	E         	-1.0	999999.0
13 	91 	0.0	E         	-1.0	999999.0
13 	92 	0.0	E         	-1.0	999999.0
13 	93 	0.0	E         	-1.0	999999.0
14 	91 	0.0	E         	-1.0	999999.0
14 	92 	0.0	E         	-1.0	999999.0
14 	93 	0.0	E         	-1.0	999999.0
15 	91 	0.0	E         	-1.0	999999.0
15 	92 	0.0	E         	-1.0	999999.0
15 	93 	0.0	E         	-1.0	999999.0
16 	91 	0.0	E         	-1.0	999999.0
16 	92 	0.0	E         	-1.0	999999.0
16 	93 	0.0	E         	-1.0	999999.0
17 	91 	0.0	E         	-1.0	999999.0
17 	92 	0.0	E         	-1.0	999999.0
17 	93 	0.0	E         	-1.0	999999.0
11 	84 	3.5800000000000001	B         	-1.0	999999.0
12 	84 	2.5099999999999998	B         	-1.0	999999.0
13 	84 	1.0700000000000001	B         	-1.0	999999.0
14 	84 	1.0700000000000001	B         	-1.0	999999.0
15 	84 	3.5800000000000001	B         	-1.0	999999.0
16 	84 	1.0700000000000001	B         	-1.0	999999.0
17 	84 	1.0700000000000001	B         	-1.0	999999.0
