48002236  	ABARO	48013	48013	00048	1	9999	2	9998	4800
48001988  	ABASOLO	48007	48007	00048	1	9999	2	9998	4800
48003124  	ABUSU	48003	48003	00048	1	9999	2	9998	4800
48001549  	ACEBAL IDIGORAS	48001	48001	00048	1	9999	2	9998	4800
48001998  	ACHETA	48007	48007	00048	1	65	2	66	4800
48002380  	ACHETA	48015	48015	00048	67	9999	68	9998	4800
48001910  	ACHURI	48006	48006	00048	1	9999	2	9998	4800
48001745  	AIXE ONA	48004	48004	00048	1	9999	2	9998	4800
48002309  	ALAVA	48014	48014	00048	1	9999	2	9998	4800
48001763  	ALBACETE	48004	48004	00048	1	9999	2	9998	4800
48002241  	ALDAPETA	48013	48013	00048	1	9999	2	9998	4800
48001857  	ALEJANDRO FERNANDEZ DE LA SOTA	48005	48005	00048	1	9999	2	9998	4800
48002271  	ALFONSO CHURRUCA, MUELLE	48013	48013	00048	1	9999	2	9998	4800
48001598  	ALHONDIGA MUNICIPAL	48002	48002	00048	1	9999	2	9998	4800
48001764  	ALICANTE	48004	48004	00048	1	9999	2	9998	4800
48001846  	ALLENDE	48004	48004	00048	1	9999	2	9998	4800
48001847  	ALMERIA	48004	48004	00048	1	9999	2	9998	4800
48002179  	ALMIRANTE ANTONIO GAZTAÑETA	48012	48012	00048	1	9999	2	9998	4800
48001999  	ALMIRANTES OQUENDO	48007	48007	00048	1	9999	2	9998	4800
48001661  	ALTO DE CAMPANZAR	48003	48003	00048	1	9999	2	9998	4800
48001599  	ALTUBE	48002	48002	00048	1	9999	2	9998	4800
48001646  	ALTUBE	48002	48002	00048	1	9999	2	9998	4800
48002372  	ALTUBE SEVER	48015	48015	00048	1	9999	2	9998	4800
48001582  	ALUZETA	48002	48002	00048	1	9999	2	9998	4800
48001911  	AMADEO DEPRIT LASA	48006	48006	00048	1	9999	2	9998	4800
48001600  	AMBOTO	48002	48002	00048	1	9999	2	9998	4800
48002167  	AMEZOLA	48012	48012	00048	1	9999	2	9998	4800
48001550  	AMISTAD	48001	48001	00048	1	9999	2	9998	4800
48002243  	AMISTAD (ZORROZA COOPERATIVA)	48013	48013	00048	1	9999	2	9998	4800
48001662  	AMPARO	48003	48003	00048	1	9999	2	9998	4800
48002383  	ANDALUCIA	48015	48015	00048	1	9999	2	9998	4800
48002180  	ANDRES ISASI	48012	48012	00048	1	9999	2	9998	4800
48002000  	ANSELMA DE SALCES	48007	48007	00048	1	9999	2	9998	4800
48001981  	ANSELMA DE SALCES	48007	48007	00048	1	9999	2	9998	4800
48002444  	AOIZ	48015	48015	00048	1	9999	2	9998	4800
48001976  	ARABELLA, COOPERATIVO	48007	48007	00048	1	9999	2	9998	4800
48002384  	ARAGON	48015	48015	00048	1	9999	2	9998	4800
48002001  	ARALAR	48007	48007	00048	1	9999	2	9998	4800
48002168  	ARANE	48012	48012	00048	1	9999	2	9998	4800
48002311  	ARANECO	48014	48014	00048	1	9999	2	9998	4800
48001765  	ARBIDEA	48004	48004	00048	1	9999	2	9998	4800
48002066  	ARBIETO	48008	48008	00048	1	9999	2	9998	4800
48002385  	ARBOLAGAÑE	48015	48015	00048	1	9999	2	9998	4800
48001551  	ARBOLANCHA	48001	48001	00048	1	9999	2	9998	4800
48001766  	ARBOLANCHA	48004	48004	00048	1	9999	2	9998	4800
48002054  	ARCHANDA	48007	48007	00048	1	9999	2	9998	4800
48002367  	ARCHANDA SANTO DOMINGO	48015	48015	00048	1	9999	2	9998	4800
48002002  	ARCHANDA, FALDA	48007	48007	00048	1	9999	2	9998	4800
48002232  	ARCHER MARINO	48013	48013	00048	1	9999	2	9998	4800
48001663  	ARECHAGA	48003	48003	00048	1	9999	2	9998	4800
48002116  	ARECHAVALETA	48010	48010	00048	1	9999	2	9998	4800
48001852  	ARENAL	48005	48005	00048	1	9999	2	9998	4800
48001601  	ARMOCHA	48002	48002	00048	1	9999	2	9998	4800
48001664  	ARNOTEGUI	48003	48003	00048	1	9999	2	9998	4800
48001767  	ARQUITECTO RICARDO BASTIDA	48004	48004	00048	1	9999	2	9998	4800
48001602  	ARRAIZ	48002	48002	00048	1	9999	2	9998	4800
48002060  	ARRIQUIBAR	48008	48008	00048	1	9999	2	9998	4800
48002244  	ARSENAL	48013	48013	00048	1	9999	2	9998	4800
48001845  	ARSUAGA	48004	48004	00048	1	9999	2	9998	4800
48001747  	ARTALANDIO	48004	48004	00048	1	9999	2	9998	4800
48002003  	ARTASAMINA	48007	48007	00048	1	9999	2	9998	4800
48001585  	ARTATZU-BEKOA	48002	48002	00048	1	9999	2	9998	4800
48001665  	ARTAZU	48003	48003	00048	1	9999	2	9998	4800
48001768  	ARTAZURIÑA	48004	48004	00048	1	9999	2	9998	4800
48001858  	ARTECALLE	48005	48005	00048	1	9999	2	9998	4800
48001603  	ARTIGAS	48002	48002	00048	1	9999	2	9998	4800
48002386  	ARTURO KAMPION	48015	48015	00048	1	9999	2	9998	4800
48001859  	ASCAO	48005	48005	00048	1	9999	2	9998	4800
48001552  	ASTARLOA	48001	48001	00048	1	5	2	8	4800
48002369  	ASTIGARRAGA PEDRO	48015	48015	00048	1	9999	2	9998	4800
48002245  	ASTILLERO	48013	48013	00048	1	9999	2	9998	4800
48002387  	ASTURIAS	48015	48015	00048	1	9999	2	9998	4800
48001604  	AUNTZETXETA	48002	48002	00048	1	9999	2	9998	4800
48002117  	AURELIANO VALLE	48010	48010	00048	1	9999	2	9998	4800
48001912  	AURRECOECHEA	48006	48006	00048	1	9999	2	9998	4800
48002181  	AUTONOMIA	48012	48012	00048	0	0	46	9998	4800
48002118  	AUTONOMIA	48010	48010	00048	0	0	26	44	4800
48002182  	AUTONOMIA	48012	48012	00048	1	9999	2	24	4800
48002183  	AVILA	48012	48012	00048	1	9999	2	9998	4800
48002368  	AVRIL MONTE	48015	48015	00048	1	9999	2	9998	4800
48001769  	AZCARAY	48004	48004	00048	1	9999	2	9998	4800
48001666  	BAILEN	48003	48003	00048	1	9999	2	9998	4800
48002184  	BAIONA	48012	48012	00048	1	9999	2	9998	4800
48002004  	BAKIO	48007	48007	00048	1	9999	2	9998	4800
48002389  	BALEARES	48015	48015	00048	1	9999	2	9998	4800
48001860  	BANCO DE BILBAO	48005	48005	00048	1	9999	2	9998	4800
48001861  	BANCO DE ESPAÑA	48005	48005	00048	1	9999	2	9998	4800
48002390  	BANDERAS	48015	48015	00048	1	9999	2	9998	4800
48001903  	BARANDIARAN AYERBE	48006	48006	00048	1	9999	2	9998	4800
48002246  	BARINAGA	48013	48013	00048	1	9999	2	9998	4800
48002089  	BARRAINCUA	48009	48009	00048	1	9999	2	9998	4800
48001862  	BARRENCALLE	48005	48005	00048	1	9999	2	9998	4800
48001863  	BARRENCALLE BARRENA	48005	48005	00048	1	9999	2	9998	4800
48002307  	BARRIADA LAGUNECHEA	48014	48014	00048	1	9999	2	9998	4800
48002247  	BARRIADA SAN MIGUEL	48013	48013	00048	1	9999	2	9998	4800
48001761  	BARRIADA UNCETA PARROCO	48004	48004	00048	1	9999	2	9998	4800
48002172  	BARRIADA URIZAR	48012	48012	00048	1	9999	2	9998	4800
48002005  	BARRIO ANDRA MARI DE BEGOÑA	48007	48007	00048	1	9999	2	9998	4800
48002055  	BARRIO ASUNCION	48007	48007	00048	1	9999	2	9998	4800
48001770  	BARRIO AZURLEKU	48004	48004	00048	1	9999	2	9998	4800
48001605  	BARRIO BETOLAZA	48002	48002	00048	1	9999	2	9998	4800
48001606  	BARRIO DE ALTAMIRA	48002	48002	00048	1	9999	2	9998	4800
48001667  	BARRIO DE BUYA	48003	48003	00048	1	9999	2	9998	4800
48001668  	BARRIO DE BUYAGOITI	48003	48003	00048	1	9999	2	9998	4800
48002248  	BARRIO DE IGNACIO MIRANDA	48013	48013	00048	1	9999	2	9998	4800
48001913  	BARRIO DE LA CRUZ	48006	48006	00048	1	9999	2	9998	4800
48001669  	BARRIO DE OLLARGAN	48003	48003	00048	1	9999	2	9998	4800
48001670  	BARRIO DE SAN ADRIAN	48003	48003	00048	1	9999	2	9998	4800
48001671  	BARRIO DE SAN ANTONIO	48003	48003	00048	1	9999	2	9998	4800
48001771  	BARRIO DE SAN JOSE DE IBARSUSI	48004	48004	00048	1	9999	2	9998	4800
48001607  	BARRIO DE URETAMENDI	48002	48002	00048	1	9999	2	9998	4800
48001914  	BARRIO DOLARECHE	48006	48006	00048	1	9999	2	9998	4800
48002391  	BARRIO ELORRIETA	48015	48015	00048	1	9999	2	9998	4800
48001608  	BARRIO GARDEAZABAL	48002	48002	00048	1	9999	2	9998	4800
48001609  	BARRIO ITURRIGORRI	48002	48002	00048	1	9999	2	9998	4800
48001915  	BARRIO MAZUSTEGUI	48006	48006	00048	1	9999	2	9998	4800
48002312  	BARRIO SAN ANTON	48014	48014	00048	1	9999	2	9998	4800
48002249  	BARRIO SAN IGNACIO	48013	48013	00048	1	9999	2	9998	4800
48001672  	BARRIO VENTA ALTA	48003	48003	00048	1	9999	2	9998	4800
48002006  	BARRIO VIA VIEJA DE LEZAMA	48007	48007	00048	1	9999	2	9998	4800
48001989  	BARRIO ZURBARANBARRI	48007	48007	00048	1	9999	2	9998	4800
48001553  	BARROETA ALDAMAR	48001	48001	00048	1	9999	2	9998	4800
48001610  	BASURTO A CASTREJANA	48002	48002	00048	1	183	2	124	4800
48002250  	BASURTO A CASTREJANA	48013	48013	00048	185	9999	126	9998	4800
48001916  	BATALLA DE LEPANTO	48006	48006	00048	1	9999	2	9998	4800
48002185  	BATALLA DE PADURA	48012	48012	00048	1	9999	2	9998	4800
48001991  	BEGOÑA	48007	48007	00048	1	9999	2	9998	4800
48001992  	BEGOÑALDE	48007	48007	00048	1	9999	2	9998	4800
48001917  	BEGOÑAXPI	48006	48006	00048	1	9999	2	9998	4800
48001649  	BEITI	48003	48003	00048	1	9999	2	9998	4800
48001595  	BELATEGUI	48002	48002	00048	1	9999	2	9998	4800
48001864  	BELOSTICALLE	48005	48005	00048	1	9999	2	9998	4800
48002392  	BENIDORM	48015	48015	00048	1	9999	2	9998	4800
48001611  	BENITO ALBERDI	48002	48002	00048	1	9999	2	9998	4800
48001612  	BENTAZARRA	48002	48002	00048	1	9999	2	9998	4800
48001554  	BERASTEGUI	48001	48001	00048	1	9999	2	9998	4800
48002186  	BERGARA	48012	48012	00048	1	9999	2	9998	4800
48002357  	BERRIZ	48014	48014	00048	1	91	2	98	4800
48002365  	BERRIZ	48015	48015	00048	93	9999	100	9998	4800
48002067  	BERTENDONA	48008	48008	00048	1	9999	2	9998	4800
48001613  	BIARRITZ	48002	48002	00048	1	9999	2	9998	4800
48001865  	BIDEBARRIETA	48005	48005	00048	1	9999	2	9998	4800
48001772  	BILBAO GALDACANO	48004	48004	00048	1	9999	2	9998	4800
48001673  	BILBAO LA VIEJA	48003	48003	00048	1	9999	2	9998	4800
48002364  	BILBAO-IZAURIETA	48014	48014	00048	1	9999	2	9998	4800
48001918  	BILINTXI	48006	48006	00048	1	9999	2	9998	4800
48002251  	BIZCORTA	48013	48013	00048	1	9999	2	9998	4800
48001614  	BIZKARGUI	48002	48002	00048	1	9999	2	9998	4800
48001674  	BOLINCHU	48003	48003	00048	1	9999	2	9998	4800
48001555  	BOMBERO DAVID ZALBIDE	48001	48001	00048	1	9999	2	9998	4800
48002107  	BOMBERO ECHANIZ	48010	48010	00048	1	9999	2	9998	4800
48001919  	BOSQUE	48006	48006	00048	1	9999	2	9998	4800
48002313  	BOTICA VIEJA	48014	48014	00048	1	9999	2	9998	4800
48001675  	BRUNO MAURICIO ZABALA	48003	48003	00048	1	9999	2	9998	4800
48002008  	BUEN PASTOR	48007	48007	00048	1	9999	2	9998	4800
48002301  	BUENAVISTA	48014	48014	00048	1	9999	2	9998	4800
48001556  	BUENOS AIRES	48001	48001	00048	1	9999	2	9998	4800
48002314  	BURGOS	48014	48014	00048	1	9999	2	9998	4800
48002252  	BUTRON	48013	48013	00048	1	9999	2	9998	4800
48001676  	BUYA	48003	48003	00048	1	9999	2	9998	4800
48002253  	CADAGUA	48013	48013	00048	1	9999	2	9998	4800
48001589  	CALEROS	48002	48002	00048	0	0	2	0	4800
48001653  	CALEROS	48003	48003	00048	1	9999	4	9998	4800
48002187  	CALIXTO DIEZ	48012	48012	00048	1	9999	2	9998	4800
48002009  	CALIXTO LEGUINA	48007	48007	00048	1	9999	2	9998	4800
48001615  	CAMILO VILLABASO	48002	48002	00048	1	9999	2	9998	4800
48001677  	CAMPA ARTAPETA	48003	48003	00048	1	9999	2	9998	4800
48002394  	CAMPA BERRIZ	48015	48015	00048	1	9999	2	9998	4800
48001773  	CAMPA DE BASARRATE	48004	48004	00048	1	9999	2	9998	4800
48001678  	CAMPA IBAIZABAL	48003	48003	00048	1	9999	2	9998	4800
48001679  	CAMPA SAN JUSTO	48003	48003	00048	1	9999	2	9998	4800
48001680  	CAMPA ZABALA	48003	48003	00048	1	9999	2	9998	4800
48002010  	CAMPO VOLANTIN	48007	48007	00048	1	9999	2	9998	4800
48002315  	CANAL DE DEUSTO	48014	48014	00048	1	9999	2	9998	4800
48002068  	CANCILLER AYALA	48008	48008	00048	1	9999	2	9998	4800
48002395  	CANTABRIA	48015	48015	00048	1	9999	2	9998	4800
48001681  	CANTALOJAS	48003	48003	00048	1	9999	2	9998	4800
48001682  	CANTARRANAS	48003	48003	00048	1	9999	2	9998	4800
48001683  	CANTERA	48003	48003	00048	1	9999	2	9998	4800
48001684  	CANTERA	48003	48003	00048	1	9999	2	9998	4800
48002254  	CAPUCHINOS DE BASURTO	48013	48013	00048	1	9999	2	9998	4800
48002306  	CAPUCHINOS DE DEUSTO	48014	48014	00048	1	9999	2	9998	4800
48002065  	CARDENAL GARDOQUI	48008	48008	00048	1	9999	2	9998	4800
48001774  	CARMELO	48004	48004	00048	1	9999	2	9998	4800
48002188  	CARMELO GIL	48012	48012	00048	1	9999	2	9998	4800
48001866  	CARNICERIA VIEJA	48005	48005	00048	1	9999	2	9998	4800
48001748  	CASALS PAU	48004	48004	00048	1	9999	2	9998	4800
48001848  	CASERIO LANDABURU	48004	48004	00048	1	9999	2	9998	4800
48001982  	CASERIO LARRAZABAL	48007	48007	00048	1	9999	2	9998	4800
48002189  	CASILLA	48012	48012	00048	1	9999	2	9998	4800
48002012  	CASTAÑOS	48007	48007	00048	1	9999	2	9998	4800
48002396  	CATALUÑA	48015	48015	00048	1	9999	2	9998	4800
48002397  	CELESTINO ARENAL	48015	48015	00048	1	9999	2	9998	4800
48002013  	CELSO NEGUERUELA	48007	48007	00048	1	9999	2	9998	4800
48001775  	CHACOLI ATEGORRI	48004	48004	00048	1	9999	2	9998	4800
48001867  	CINTURERIA	48005	48005	00048	1	9999	2	9998	4800
48001776  	CIRCO AMATEUR CLUB DEPORTIVO	48004	48004	00048	1	9999	2	9998	4800
48003115  	CIRCULAR	48008	48008	00048	0	0	2	2	4800
48003114  	CIRCULAR	48001	48001	00048	1	9999	4	9998	4800
48001616  	CIRCUNVALACION	48002	48002	00048	1	9999	2	9998	4800
48002014  	CIUDAD JARDIN	48007	48007	00048	1	9999	2	9998	4800
48002015  	CIUDAD JARDIN	48007	48007	00048	1	9999	2	9998	4800
48001617  	CIUDADELA	48002	48002	00048	1	9999	2	9998	4800
48001618  	COBETAS	48002	48002	00048	1	9999	2	9998	4800
48001777  	COCHERITO DE BILBAO	48004	48004	00048	1	9999	2	9998	4800
48001557  	COLON DE LARREATEGUI	48001	48001	00048	1	27	2	18	4800
48002090  	COLON DE LARREATEGUI	48009	48009	00048	29	41	20	44	4800
48001685  	CONCEPCION	48003	48003	00048	1	9999	2	9998	4800
48001686  	CONCEPCION	48003	48003	00048	1	9999	2	9998	4800
48002138  	CONDE DE ARTECHE	48011	48011	00048	1	9999	2	9998	4800
48001687  	CONDE MIRASOL	48003	48003	00048	1	9999	2	9998	4800
48001688  	CORAZON DE MARIA	48003	48003	00048	1	9999	2	9998	4800
48002255  	CORDELERIA	48013	48013	00048	1	9999	2	9998	4800
48001868  	CORREO	48005	48005	00048	1	9999	2	9998	4800
48001689  	CORTES	48003	48003	00048	1	9999	2	9998	4800
48002091  	COSME ECHEVARRIETA	48009	48009	00048	1	9999	2	9998	4800
48002115  	COSTA, DE	48010	48010	00048	1	9999	2	9998	4800
48002016  	CRISTO	48007	48007	00048	1	9999	2	9998	4800
48001869  	CRUZ, LA	48005	48005	00048	1	9999	2	9998	4800
48001619  	CUCUZA	48002	48002	00048	1	9999	2	9998	4800
48001870  	CUEVA ALTXERRI	48005	48005	00048	1	9999	2	9998	4800
48002316  	CUEVA ARENAZA	48014	48014	00048	1	9999	2	9998	4800
48001871  	CUEVAS DE SANTIMAMIÑE	48005	48005	00048	1	9999	2	9998	4800
48001872  	CUEVAS EKAIN	48005	48005	00048	1	9999	2	9998	4800
48001581  	DIEGO LOPEZ DE HARO, GRAN VIA DE	48001	48001	00048	1	23	2	24	4800
48002104  	DIEGO LOPEZ DE HARO, GRAN VIA DE	48009	48009	00048	25	39	26	40	4800
48002137  	DIEGO LOPEZ DE HARO, GRAN VIA DE	48011	48011	00048	41	9999	42	9998	4800
48002092  	DIPUTACION	48009	48009	00048	1	5	2	6	4800
48002069  	DIPUTACION	48008	48008	00048	7	9999	8	9998	4800
48002256  	DIQUE	48013	48013	00048	1	9999	2	9998	4800
48001974  	DOCE AMIGOS, GRUPO	48007	48007	00048	1	9999	2	9998	4800
48002150  	DOCTOR ACHUCARRO	48011	48011	00048	1	9999	2	9998	4800
48002017  	DOCTOR ALBERCA	48007	48007	00048	1	9999	2	9998	4800
48002139  	DOCTOR AREILZA	48011	48011	00048	1	23	2	30	4800
48002108  	DOCTOR AREILZA	48010	48010	00048	25	9999	32	9998	4800
48001620  	DOCTOR DIAZ EMPARANZA	48002	48002	00048	1	9999	2	9998	4800
48001621  	DOCTOR ENTRECANALES	48002	48002	00048	1	9999	2	9998	4800
48002399  	DOCTOR EUSEBIO GARCIA ALONSO	48015	48015	00048	1	9999	2	9998	4800
48002190  	DOCTOR FELIX LANDIN	48012	48012	00048	1	9999	2	9998	4800
48002191  	DOCTOR FLEMING	48012	48012	00048	1	9999	2	9998	4800
48001739  	DOCTOR FLEMING	48003	48003	00048	1	9999	2	9998	4800
48002400  	DOCTOR GUIMON REZOLA	48015	48015	00048	1	9999	2	9998	4800
48001778  	DOCTOR ORNILLA	48004	48004	00048	1	9999	2	9998	4800
48002192  	DOCTORES CARMELO GIL	48012	48012	00048	1	9999	2	9998	4800
48003126  	DOLORES IBARRURI	48012	48012	00048	0	0	0	0	4800
48001779  	DOMINGO DE AGUIRRE	48004	48004	00048	1	9999	2	9998	4800
48001905  	DON MIGUEL DE UNAMUNO	48006	48006	00048	1	9999	2	9998	4800
48001597  	DONOSTIA AITA	48002	48002	00048	3	9999	4	9998	4800
48001690  	DOS DE MAYO	48003	48003	00048	1	9999	2	9998	4800
48001873  	ECHEVARRIA CAMARON, CANTON	48005	48005	00048	1	9999	2	9998	4800
48002376  	ECHEZURI	48015	48015	00048	1	0	2	0	4800
48001975  	ECHEZURI	48007	48007	00048	1	9999	2	9998	4800
48002145  	EDUARDO VICTORIA LECEA	48011	48011	00048	1	9999	2	9998	4800
48002119  	EGAÑA	48010	48010	00048	1	9999	2	9998	4800
48002317  	EGUILEOR	48014	48014	00048	1	9999	2	9998	4800
48002083  	ELCANO	48009	48009	00048	1	0	2	8	4800
48002135  	ELCANO	48011	48011	00048	3	7	10	12	4800
48002061  	ELCANO	48008	48008	00048	9	9999	14	9998	4800
48001622  	ELEJABERRI	48002	48002	00048	1	9999	2	9998	4800
48002318  	ELISEO MIGOYA	48014	48014	00048	1	9999	2	9998	4800
48001920  	ELIZALDE	48006	48006	00048	1	9999	2	9998	4800
48002401  	ELORRIETA	48015	48015	00048	1	9999	2	9998	4800
48001800  	EMBEITA URRETXINDORRA	48004	48004	00048	1	9999	2	9998	4800
48002193  	EMILIO ARRIETA	48012	48012	00048	1	9999	2	9998	4800
48002151  	EMILIO CAMPUZANO	48011	48011	00048	1	9999	2	9998	4800
48001921  	ENCARNACION	48006	48006	00048	1	9999	2	9998	4800
48001963  	ENCARNACION	48006	48006	00048	1	9999	2	9998	4800
48002018  	ENDERICA	48007	48007	00048	1	9999	2	9998	4800
48002379  	ENECURI	48015	48015	00048	0	0	72	9998	4800
48002378  	ENECURI	48015	48015	00048	1	23	2	58	4800
48002308  	ENECURI	48014	48014	00048	25	9999	60	70	4800
48002402  	ENECURI-ARCHANDA	48015	48015	00048	1	9999	2	9998	4800
48002446  	ENKARTACIONES	48015	48015	00048	1	9999	2	9998	4800
48001922  	ENRIQUE IBARRETA	48006	48006	00048	1	9999	2	9998	4800
48002084  	ENSANCHE, DEL	48009	48009	00048	1	9999	2	9998	4800
48001590  	ENTRAMBASAGUAS	48002	48002	00048	1	9999	2	9998	4800
48002019  	EPALZA	48007	48007	00048	1	9999	2	9998	4800
48002093  	ERCILLA	48009	48009	00048	1	21	2	22	4800
48002152  	ERCILLA	48011	48011	00048	23	9999	24	9998	4800
48002403  	ERDIKOETXE	48015	48015	00048	1	9999	2	9998	4800
48002020  	ERNESTO ERKOREKA	48007	48007	00048	1	9999	2	9998	4800
48001902  	ESCUELAS	48006	48006	00048	1	9999	2	9998	4800
48002404  	ESCULTOR FRANCISCO DURRIO	48015	48015	00048	1	9999	2	9998	4800
48002195  	ESCURCE	48012	48012	00048	1	9999	2	9998	4800
48001983  	ESNARRIZAGA	48007	48007	00048	1	9999	2	9998	4800
48001623  	ESPERANTO	48002	48002	00048	1	9999	2	9998	4800
48001874  	ESPERANZA	48005	48005	00048	1	9999	2	9998	4800
48001624  	ESTACION DE BASURTO	48002	48002	00048	1	9999	2	9998	4800
48002140  	ESTRAUNZA	48011	48011	00048	1	9999	2	9998	4800
48001875  	ESTUFA	48005	48005	00048	1	9999	2	9998	4800
48002405  	ETXEPARE	48015	48015	00048	1	9999	2	9998	4800
48002071  	EUSKALDUNA	48008	48008	00048	1	9999	2	9998	4800
48002063  	EUSKALDUNA	48008	48008	00048	1	9999	2	9998	4800
48001564  	EVARISTO CHURRUCA, MUELLE	48001	48001	00048	1	9999	2	9998	4800
48002406  	EXTREMADURA	48015	48015	00048	1	9999	2	9998	4800
48002237  	EZQUERRIBAY	48013	48013	00048	1	9999	2	9998	4800
48001746  	FEDERICO ECHEVARRIA	48004	48004	00048	1	9999	2	9998	4800
48002094  	FEDERICO MOYUA	48009	48009	00048	1	9999	2	9998	4800
48001781  	FELIPA DE ZURICALDAY	48004	48004	00048	1	9999	2	9998	4800
48002258  	FELIPE SERRATE	48013	48013	00048	1	9999	2	9998	4800
48002120  	FERNANDEZ DEL CAMPO	48010	48010	00048	1	9999	2	9998	4800
48001782  	FERNANDO JIMENEZ	48004	48004	00048	1	9999	2	9998	4800
48002121  	FERROCARRIL	48010	48010	00048	1	5	0	0	4800
48002196  	FERROCARRIL	48012	48012	00048	7	9999	10	9998	4800
48001923  	FICA	48006	48006	00048	1	65	2	48	4800
48001783  	FICA	48004	48004	00048	67	9999	50	9998	4800
48001625  	FILOMENA BALDEZATE	48002	48002	00048	1	9999	2	9998	4800
48002021  	FONTECHA Y SALAZAR	48007	48007	00048	1	9999	2	9998	4800
48002320  	FRANCISCO MACIA	48014	48014	00048	1	9999	2	9998	4800
48002260  	FRAY JUAN	48013	48013	00048	1	9999	2	9998	4800
48002360  	FUENTE	48014	48014	00048	1	9999	2	9998	4800
48001876  	FUEROS	48005	48005	00048	1	9999	2	9998	4800
48001978  	FUNICULAR DE ARCHANDA	48007	48007	00048	1	9999	2	9998	4800
48001784  	GABRIEL ARESTI	48004	48004	00048	1	9999	2	9998	4800
48002407  	GALICIA	48015	48015	00048	1	9999	2	9998	4800
48001785  	GARAIZAR	48004	48004	00048	1	9999	2	9998	4800
48001786  	GARATE	48004	48004	00048	1	9999	2	9998	4800
48001691  	GARCIA SALAZAR	48003	48003	00048	1	9999	2	9998	4800
48001626  	GAZTELONDO	48002	48002	00048	1	9999	2	9998	4800
48001692  	GENERAL CASTILLO	48003	48003	00048	1	9999	2	9998	4800
48002072  	GENERAL CONCHA	48008	48008	00048	1	7	2	12	4800
48002122  	GENERAL CONCHA	48010	48010	00048	9	25	14	30	4800
48002197  	GENERAL CONCHA	48012	48012	00048	27	9999	32	9998	4800
48002132  	GENERAL EGUIA	48010	48010	00048	1	27	2	38	4800
48002321  	GENERAL ERASO	48014	48014	00048	1	9999	2	9998	4800
48002198  	GENERAL LATORRE	48012	48012	00048	1	9999	2	9998	4800
48002199  	GENERAL SALAZAR	48012	48012	00048	1	9999	2	9998	4800
48003131  	GEORGIA	48004	48004	00048	0	0	0	0	4800
48001693  	GIMNASIO	48003	48003	00048	1	9999	2	9998	4800
48001651  	GOIKO-TORRE	48003	48003	00048	1	9999	2	9998	4800
48001853  	GOIKOLAU CUEVA	48005	48005	00048	1	9999	2	9998	4800
48002173  	GOITIA	48012	48012	00048	1	9999	2	9998	4800
48002322  	GORBEA	48014	48014	00048	1	9999	2	9998	4800
48002146  	GORDONIZ	48011	48011	00048	1	0	2	0	4800
48002134  	GORDONIZ	48010	48010	00048	3	31	4	18	4800
48002229  	GORDONIZ	48012	48012	00048	33	49	20	34	4800
48001591  	GORDONIZ	48002	48002	00048	51	9999	36	9998	4800
48001787  	GORIBISICO	48004	48004	00048	1	9999	2	9998	4800
48002022  	GORLIZ	48007	48007	00048	1	9999	2	9998	4800
48001628  	GOYA	48002	48002	00048	1	9999	2	9998	4800
48001586  	GOYA	48002	48002	00048	1	9999	2	9998	4800
48002408  	GREGORIO BALPARDA	48015	48015	00048	1	9999	2	9998	4800
48002153  	GREGORIO DE LA REVILLA	48011	48011	00048	1	23	2	22	4800
48002123  	GREGORIO DE LA REVILLA	48010	48010	00048	25	9999	24	9998	4800
48003129  	GUIÑA	48012	48012	00048	0	0	2	2	4800
48002169  	GUIÑA	48012	48012	00048	1	9999	2	9998	4800
48002323  	GUIPUZCOA	48014	48014	00048	1	9999	2	9998	4800
48002261  	GURTUBAY	48013	48013	00048	1	9999	2	9998	4800
48001924  	HARO	48006	48006	00048	1	9999	2	9998	4800
48002324  	HELIODORO DE LA TORRE	48014	48014	00048	1	9999	2	9998	4800
48002325  	HERMANO GARATE	48014	48014	00048	1	9999	2	9998	4800
48002326  	HERMANOS AGUIRRE	48014	48014	00048	1	9999	2	9998	4800
48002262  	HERMOGENES ROJO	48013	48013	00048	1	9999	2	9998	4800
48001694  	HERMUDAZA	48003	48003	00048	1	9999	2	9998	4800
48001695  	HERNANI	48003	48003	00048	1	9999	2	9998	4800
48002096  	HEROS	48009	48009	00048	1	9999	2	9998	4800
48002023  	HUERTAS DE LA VILLA	48007	48007	00048	1	9999	2	9998	4800
48002073  	HURTADO DE AMEZAGA	48008	48008	00048	1	9999	2	9998	4800
48001696  	IBAIALDE	48003	48003	00048	1	9999	2	9998	4800
48001558  	IBAÑEZ DE BILBAO	48001	48001	00048	1	7	2	18	4800
48002097  	IBAÑEZ DE BILBAO	48009	48009	00048	9	9999	20	9998	4800
48002409  	IBARGAIN	48015	48015	00048	1	9999	2	9998	4800
48002410  	IBARRECOLANDA	48015	48015	00048	1	9999	2	9998	4800
48001788  	IBARSUSI	48004	48004	00048	1	9999	2	9998	4800
48002263  	IKASTALDE	48013	48013	00048	1	9999	2	9998	4800
48003130  	INDALECIO PRIETO	48004	48004	00048	0	0	0	0	4800
48002141  	INDAUCHU	48011	48011	00048	1	9999	2	9998	4800
48002147  	INDAUCHU	48011	48011	00048	1	0	0	0	4800
48002113  	INDAUCHU	48010	48010	00048	3	9999	2	9998	4800
48002235  	INGENIERO TORRES QUEVEDO	48013	48013	00048	1	9999	2	9998	4800
48002443  	INMACULADA, DE LA	48015	48015	00048	1	9999	2	9998	4800
48002088  	IPARRAGUIRRE	48009	48009	00048	1	23	2	24	4800
48002148  	IPARRAGUIRRE	48011	48011	00048	25	49	26	44	4800
48002124  	IPARRAGUIRRE	48010	48010	00048	51	67	46	60	4800
48002200  	IPARRAGUIRRE	48012	48012	00048	69	9999	64	9998	4800
48002201  	IRALA	48012	48012	00048	1	9999	2	9998	4800
48002202  	IRALA	48012	48012	00048	1	9999	2	9998	4800
48001753  	IRUMINETA	48004	48004	00048	1	9999	2	9998	4800
48002328  	IRUÑA	48014	48014	00048	1	9999	2	9998	4800
48001697  	IRUSTA, DE	48003	48003	00048	1	9999	2	9998	4800
48002411  	ISLAS CANARIAS	48015	48015	00048	1	9999	2	9998	4800
48001559  	ISLETA	48001	48001	00048	1	9999	2	9998	4800
48001926  	ITURRALDE	48006	48006	00048	1	9999	2	9998	4800
48001789  	ITURRIAGA	48004	48004	00048	1	9999	2	9998	4800
48001790  	ITURRIAGA	48004	48004	00048	1	9999	2	9998	4800
48001629  	ITURRIBARRIA	48002	48002	00048	1	9999	2	9998	4800
48001927  	ITURRIBIDE	48006	48006	00048	1	9999	2	9998	4800
48001906  	ITURRIBIDE	48006	48006	00048	1	9999	2	9998	4800
48001630  	ITURRIGORRI	48002	48002	00048	1	9999	2	9998	4800
48001984  	ITURRIONDO	48007	48007	00048	1	9999	2	9998	4800
48001699  	ITURRIZA	48003	48003	00048	1	9999	2	9998	4800
48002412  	IZARRA	48015	48015	00048	1	9999	2	9998	4800
48002098  	JADO	48009	48009	00048	1	9999	2	9998	4800
48002203  	JAEN	48012	48012	00048	1	9999	2	9998	4800
48002228  	JARDIN CHIQUERRA	48012	48012	00048	1	9999	2	9998	4800
48002154  	JARDIN DE DON LUIS SALAZAR ZUBIA	48011	48011	00048	1	9999	2	9998	4800
48002264  	JARDIN DE ZORROZA	48013	48013	00048	1	9999	2	9998	4800
48001877  	JARDINES	48005	48005	00048	1	9999	2	9998	4800
48001560  	JARDINES ALBIA	48001	48001	00048	1	9999	2	9998	4800
48002204  	JARO DE ARANA	48012	48012	00048	1	9999	2	9998	4800
48001791  	JESUS GALINDEZ	48004	48004	00048	1	9999	2	9998	4800
48002330  	JON DE ARROSPIDE	48014	48014	00048	1	9999	2	9998	4800
48002156  	JOSE ANSELMO CLAVE	48011	48011	00048	1	9999	2	9998	4800
48002265  	JOSE MARIA ESCUZA	48013	48013	00048	1	9999	2	9998	4800
48002024  	JOSE MARIA UGARTEBURU	48007	48007	00048	1	9999	2	9998	4800
48002205  	JOSE OLABARRIA	48012	48012	00048	1	9999	2	9998	4800
48002099  	JUAN AJURIAGUERRA	48009	48009	00048	1	9999	2	9998	4800
48002240  	JUAN ANTONIO ZUNZUNEGUI	48013	48013	00048	1	9999	2	9998	4800
48002413  	JUAN DE ANTXETA	48015	48015	00048	1	9999	2	9998	4800
48001700  	JUAN DE GARAY	48003	48003	00048	1	9999	2	9998	4800
48001792  	JUAN DE GARDEAZABAL	48004	48004	00048	1	9999	2	9998	4800
48001793  	JUAN DE GUISASOLA	48004	48004	00048	1	9999	2	9998	4800
48001794  	JUAN DE IRIGOYEN	48004	48004	00048	1	9999	2	9998	4800
48002414  	JUAN DE URBIETA	48015	48015	00048	1	9999	2	9998	4800
48001796  	JUAN VIAR	48004	48004	00048	1	9999	2	9998	4800
48001907  	JUAN XXIII	48006	48006	00048	1	9999	2	9998	4800
48001797  	JULIAN BOLIVAR ELORDUY	48004	48004	00048	1	9999	2	9998	4800
48001798  	JULIAN GAIARRE	48004	48004	00048	1	9999	2	9998	4800
48002331  	JULIO LAZURTEGUI	48014	48014	00048	1	9999	2	9998	4800
48002332  	JULIO URQUIJO	48014	48014	00048	1	9999	2	9998	4800
48002333  	JUNQUERA, DE LA	48014	48014	00048	1	9999	2	9998	4800
48001799  	KALAMUA	48004	48004	00048	1	9999	2	9998	4800
48002206  	KIRIKIÑO	48012	48012	00048	1	9999	2	9998	4800
48002207  	LABAYRU	48012	48012	00048	1	9999	2	9998	4800
48002208  	LABURDI	48012	48012	00048	1	9999	2	9998	4800
48001701  	LAGUNA	48003	48003	00048	1	9999	2	9998	4800
48001702  	LAMANA	48003	48003	00048	1	9999	2	9998	4800
48001801  	LANDA ORLEGI	48004	48004	00048	1	9999	2	9998	4800
48002334  	LANDABASO	48014	48014	00048	1	9999	2	9998	4800
48002415  	LANDABASO	48015	48015	00048	1	9999	2	9998	4800
48002025  	LANDETA	48007	48007	00048	1	9999	2	9998	4800
48002416  	LARRAKO TORRE	48015	48015	00048	1	9999	2	9998	4800
48001752  	LARRAKOETXE	48004	48004	00048	1	9999	2	9998	4800
48001703  	LARRASQUITU	48003	48003	00048	1	9999	2	9998	4800
48001631  	LARRASQUITU	48002	48002	00048	1	9999	2	9998	4800
48001849  	LARRATUNDU	48004	48004	00048	1	9999	2	9998	4800
48001928  	LARRINAGA	48006	48006	00048	1	9999	2	9998	4800
48001802  	LAUAXETA	48004	48004	00048	1	9999	2	9998	4800
48001561  	LEDESMA	48001	48001	00048	1	9999	2	9998	4800
48001970  	LEGUIZAMON TRISTAN	48007	48007	00048	1	9999	2	9998	4800
48002335  	LEHENDAKARI AGUIRRE, DEL	48014	48014	00048	1	75	2	40	4800
48002417  	LEHENDAKARI AGUIRRE, DEL	48015	48015	00048	77	9999	42	9998	4800
48002418  	LEKEITIO	48015	48015	00048	1	9999	2	9998	4800
48001632  	LEON DE URUÑUELA	48002	48002	00048	1	9999	2	9998	4800
48002100  	LERSUNDI	48009	48009	00048	1	9999	2	9998	4800
48002419  	LEVANTE	48015	48015	00048	1	9999	2	9998	4800
48001633  	LEZEAGA	48002	48002	00048	1	9999	2	9998	4800
48001878  	LIBERTAD	48005	48005	00048	1	9999	2	9998	4800
48002074  	LICENCIADO POZA	48008	48008	00048	1	13	2	8	4800
48002157  	LICENCIADO POZA	48011	48011	00048	15	53	10	46	4800
48002266  	LICENCIADO POZA	48013	48013	00048	55	9999	48	9998	4800
48001879  	LOTERIA	48005	48005	00048	1	9999	2	9998	4800
48001754  	LOZOÑO	48004	48004	00048	1	9999	2	9998	4800
48002075  	LUCHANA	48008	48008	00048	1	9999	2	9998	4800
48002375  	LUCHANA (DEUSTO)	48015	48015	00048	1	9999	2	9998	4800
48002420  	LUIS BRAILLE	48015	48015	00048	1	9999	2	9998	4800
48002267  	LUIS BRIÑAS	48013	48013	00048	1	9999	2	9998	4800
48001803  	LUIS ECHEVARRIA	48004	48004	00048	1	9999	2	9998	4800
48001704  	LUIS IRUATTIZAGA	48003	48003	00048	1	9999	2	9998	4800
48001804  	LUIS LUCIANO BONAPARTE	48004	48004	00048	1	9999	2	9998	4800
48002337  	LUIS POWER	48014	48014	00048	1	9999	2	9998	4800
48002338  	LUZARRA	48014	48014	00048	1	9999	2	9998	4800
48001705  	LUZURI	48003	48003	00048	1	9999	2	9998	4800
48002339  	MADARIAGA	48014	48014	00048	1	9999	2	9998	4800
48002026  	MAESTRO DAMIAN GONZALEZ	48007	48007	00048	1	9999	2	9998	4800
48002158  	MAESTRO GARCIA RIVERO	48011	48011	00048	1	9999	2	9998	4800
48001929  	MAESTRO ICIAR	48006	48006	00048	1	9999	2	9998	4800
48001930  	MAESTRO MENDIRI	48006	48006	00048	1	9999	2	9998	4800
48001805  	MAKALDI	48004	48004	00048	1	9999	2	9998	4800
48002226  	MALA, DE	48012	48012	00048	1	9999	2	9998	4800
48001964  	MALLONA	48006	48006	00048	1	9999	2	9998	4800
48001904  	MALLONA, DE	48006	48006	00048	1	9999	2	9998	4800
48001706  	MALMASIN	48003	48003	00048	1	9999	2	9998	4800
48002027  	MANDOBIDE	48007	48007	00048	1	9999	2	9998	4800
48002125  	MANUEL ALLENDE	48010	48010	00048	1	9999	2	9998	4800
48001931  	MARCELINO MENENDEZ Y PELAYO	48006	48006	00048	0	0	12	9998	4800
48001806  	MARCELINO MENENDEZ Y PELAYO	48004	48004	00048	1	9999	2	10	4800
48002126  	MARCELINO OREJA	48010	48010	00048	1	9999	2	9998	4800
48001932  	MARIA DE AGUIRRE Y AGUIRRE	48006	48006	00048	1	9999	2	9998	4800
48001826  	MARIA DE AZCUE RESURRECCION	48004	48004	00048	1	9999	2	9998	4800
48002268  	MARIA DIAZ DE HARO	48013	48013	00048	1	29	2	24	4800
48001880  	MARIA MUÑOZ	48005	48005	00048	1	9999	2	9998	4800
48001758  	MARIA REINA	48004	48004	00048	1	9999	2	9998	4800
48001562  	MARINA	48001	48001	00048	1	9999	2	9998	4800
48001807  	MARQUES DE LAURENZIN	48004	48004	00048	1	9999	2	9998	4800
48002101  	MARQUES DEL PUERTO	48009	48009	00048	1	7	2	6	4800
48002076  	MARQUES DEL PUERTO	48008	48008	00048	9	9999	8	9998	4800
48002210  	MARTIN AGUERO	48012	48012	00048	1	9999	2	9998	4800
48001707  	MARTIN BARUA PICAZA	48003	48003	00048	1	9999	2	9998	4800
48001708  	MARZANA	48003	48003	00048	1	9999	2	9998	4800
48001593  	MASUSTEGUI	48002	48002	00048	1	9999	2	9998	4800
48002028  	MATICO	48007	48007	00048	1	9999	2	9998	4800
48002029  	MAURICE RAVEL	48007	48007	00048	1	9999	2	9998	4800
48002159  	MAXIMO AGUIRRE	48011	48011	00048	1	9999	2	9998	4800
48001545  	MAZARREDO	48001	48001	00048	1	19	2	10	4800
48002105  	MAZARREDO	48009	48009	00048	21	9999	12	9998	4800
48001934  	MAZUSTEGUI	48006	48006	00048	1	9999	2	9998	4800
48001808  	MEDICO ANTONIO EGUILUZ	48004	48004	00048	1	9999	2	9998	4800
48001935  	MEDICO MUNICIPAL PEDRO CORTES	48006	48006	00048	1	9999	2	9998	4800
48002211  	MEDINA DE POMAR	48012	48012	00048	1	9999	2	9998	4800
48001709  	MENA	48003	48003	00048	1	9999	2	9998	4800
48002374  	MENDIARTE	48015	48015	00048	1	9999	2	9998	4800
48002269  	MENDIGAIN	48013	48013	00048	1	9999	2	9998	4800
48001634  	MENDIPE	48002	48002	00048	1	9999	2	9998	4800
48001881  	MERCED	48005	48005	00048	1	9999	2	9998	4800
48002422  	MERIDA	48015	48015	00048	1	9999	2	9998	4800
48002297  	MICOL	48014	48014	00048	1	9999	2	9998	4800
48001936  	MIGUEL DE UNAMUNO	48006	48006	00048	1	9999	2	9998	4800
48001655  	MIMBRES	48003	48003	00048	1	9999	2	9998	4800
48001710  	MINA JULIA	48003	48003	00048	1	9999	2	9998	4800
48002030  	MIRADOR A BILBAO	48007	48007	00048	1	9999	2	9998	4800
48001809  	MIRAFLORES	48004	48004	00048	1	9999	2	9998	4800
48001937  	MIRAFLORES	48006	48006	00048	1	3	0	0	4800
48001810  	MIRAFLORES	48004	48004	00048	5	9999	2	9998	4800
48001755  	MIRAFLORES	48004	48004	00048	1	9999	2	9998	4800
48002424  	MIRAMAR	48015	48015	00048	1	9999	2	9998	4800
48001652  	MIRAVILLA	48003	48003	00048	1	9999	2	9998	4800
48001882  	MITXEL LABEGERIE	48005	48005	00048	1	9999	2	9998	4800
48002031  	MOLINO DE VIENTO	48007	48007	00048	1	9999	2	9998	4800
48002174  	MONASTERIO	48012	48012	00048	1	9999	2	9998	4800
48001635  	MONCADA	48002	48002	00048	1	9999	2	9998	4800
48001938  	MONSEÑOR REMIGIO GANDASEGUI	48006	48006	00048	1	9999	2	9998	4800
48001990  	MONTAÑO, A Y B	48007	48007	00048	1	9999	2	9998	4800
48002033  	MONTAÑO, TRANSVERSAL	48007	48007	00048	1	9999	2	9998	4800
48001985  	MONTE ALDAMIZ	48007	48007	00048	1	9999	2	9998	4800
48002447  	MONTE ARCHANDA	48015	48015	00048	1	9999	2	9998	4800
48001986  	MONTE ARNO	48007	48007	00048	1	9999	2	9998	4800
48001583  	MONTE CARAMELO	48002	48002	00048	1	9999	2	9998	4800
48001648  	MONTE COBETAS	48002	48002	00048	1	9999	2	9998	4800
48001742  	MONTE ERETZA	48003	48003	00048	1	9999	2	9998	4800
48001656  	MONTE FUERTE	48003	48003	00048	1	9999	2	9998	4800
48001657  	MONTE GABICA	48003	48003	00048	1	9999	2	9998	4800
48002303  	MONTE GANETA	48014	48014	00048	1	9999	2	9998	4800
48001658  	MONTE INCHORTA	48003	48003	00048	1	9999	2	9998	4800
48002057  	MONTE IZARO	48007	48007	00048	1	9999	2	9998	4800
48001757  	MONTE MANDOYA	48004	48004	00048	1	9999	2	9998	4800
48001987  	MONTE OIZ	48007	48007	00048	1	9999	2	9998	4800
48001743  	MONTE PAGASARRI	48003	48003	00048	1	9999	2	9998	4800
48001636  	MONTEVIDEO	48002	48002	00048	3	11	2	12	4800
48002270  	MONTEVIDEO	48013	48013	00048	13	9999	14	9998	4800
48002034  	MORAZA	48007	48007	00048	1	9999	2	9998	4800
48002361  	MORET	48014	48014	00048	1	9999	2	9998	4800
48002296  	MORGAN	48014	48014	00048	1	9999	2	9998	4800
48001563  	MUELLE ABANDO	48001	48001	00048	1	9999	2	9998	4800
48002340  	MUELLE CANAL DE DEUSTO	48014	48014	00048	1	9999	2	9998	4800
48001883  	MUELLE DE ARRIAGA	48005	48005	00048	1	9999	2	9998	4800
48001711  	MUELLE DE LA MERCED	48003	48003	00048	1	9999	2	9998	4800
48001712  	MUELLE DE LAS SIERVAS DE JESUS	48003	48003	00048	1	9999	2	9998	4800
48002272  	MUELLE DE OLAVEAGA	48013	48013	00048	1	9999	2	9998	4800
48001565  	MUELLE DE RIPA	48001	48001	00048	1	9999	2	9998	4800
48001713  	MUELLE DE URAZURRUTIA	48003	48003	00048	1	9999	2	9998	4800
48001566  	MUELLE DE URIBITARTE	48001	48001	00048	1	9999	2	9998	4800
48002273  	MUELLE DE ZORROZA	48013	48013	00048	1	9999	2	9998	4800
48001884  	MUELLE DEL ARENAL	48005	48005	00048	1	9999	2	9998	4800
48002274  	MUELLE DEL ASTILLERO	48013	48013	00048	1	9999	2	9998	4800
48001714  	MUELLE MARZANA	48003	48003	00048	1	9999	2	9998	4800
48002036  	MUROS DE SAN PEDRO	48007	48007	00048	1	9999	2	9998	4800
48002143  	MUSEO	48011	48011	00048	0	0	2	0	4800
48002086  	MUSEO	48009	48009	00048	1	5	0	0	4800
48001811  	MUSICO ARAMBARRI	48004	48004	00048	1	9999	2	9998	4800
48002037  	MUSICO GURIDI	48007	48007	00048	1	9999	2	9998	4800
48002341  	MUSICO SARASATE	48014	48014	00048	1	9999	2	9998	4800
48002275  	MUSICO USANDIZAGA	48013	48013	00048	1	9999	2	9998	4800
48001715  	NAJA	48003	48003	00048	1	9999	2	9998	4800
48001567  	NAVARRA	48001	48001	00048	1	9999	2	9998	4800
48002425  	NAVARRO VILLOSLADA	48015	48015	00048	1	9999	2	9998	4800
48001568  	NERVION	48001	48001	00048	1	9999	2	9998	4800
48001716  	NICOLAS ALCORTA	48003	48003	00048	1	9999	2	9998	4800
48001659  	NORTE	48003	48003	00048	1	9999	2	9998	4800
48002212  	NOVIA SALCEDO	48012	48012	00048	1	9999	2	9998	4800
48001885  	NUEVA	48005	48005	00048	1	9999	2	9998	4800
48001899  	NUEVA	48005	48005	00048	1	9999	2	9998	4800
48002038  	NUEVA AURORA	48007	48007	00048	1	9999	2	9998	4800
48002102  	OBISPO ORUETA	48009	48009	00048	1	9999	2	9998	4800
48002234  	OBREROS JABONERA TAPIA	48013	48013	00048	1	9999	2	9998	4800
48002358  	OBREROS TALLERES DEUSTO, COOPERATIVA	48014	48014	00048	1	9999	2	9998	4800
48001812  	OCHARCOAGA	48004	48004	00048	1	9999	2	9998	4800
48001813  	OCHARCOAGA	48004	48004	00048	1	9999	2	9998	4800
48001756  	OCHARCOAGA	48004	48004	00048	1	9999	2	9998	4800
48001814  	OGOÑO	48004	48004	00048	1	9999	2	9998	4800
48002362  	OLAGORTA	48014	48014	00048	1	9999	2	9998	4800
48001717  	OLATXU	48003	48003	00048	1	9999	2	9998	4800
48001544  	OLAVARRI JOSE MARIA	48001	48001	00048	1	9999	2	9998	4800
48002238  	OLAVEAGA	48013	48013	00048	1	9999	2	9998	4800
48002342  	OLAVEAGA, RAMAL	48014	48014	00048	1	9999	2	9998	4800
48002214  	OLITE-ERRIBERRI	48012	48012	00048	1	9999	2	9998	4800
48001940  	OLLERIAS ALTAS	48006	48006	00048	1	9999	2	9998	4800
48001941  	OLLERIAS ALTAS	48006	48006	00048	1	9999	2	9998	4800
48001942  	OLLERIAS BAJAS	48006	48006	00048	1	9999	2	9998	4800
48001943  	OLLERIAS BAJAS	48006	48006	00048	1	9999	2	9998	4800
48002426  	ORIXE	48015	48015	00048	1	9999	2	9998	4800
48001816  	ORUETA	48004	48004	00048	1	9999	2	9998	4800
48001718  	OSCORTA	48003	48003	00048	1	9999	2	9998	4800
48002298  	OTERO BLAS DE	48014	48014	00048	1	9999	2	9998	4800
48002215  	PABLO DE ALZOLA	48012	48012	00048	1	9999	2	9998	4800
48002216  	PABLO PICASSO	48012	48012	00048	1	9999	2	9998	4800
48001944  	PABLO ZAMARRIPA	48006	48006	00048	1	9999	2	9998	4800
48001817  	PADRE ESTEBAN PERNET	48004	48004	00048	1	9999	2	9998	4800
48002217  	PADRE LARRAMENDI	48012	48012	00048	1	9999	2	9998	4800
48002077  	PADRE LOJENDIO	48008	48008	00048	1	9999	2	9998	4800
48003116  	PADRE REMIGIO VILARIÑO	48006	48006	00048	1	9999	2	9998	4800
48001719  	PAGASARRI	48003	48003	00048	1	9999	2	9998	4800
48002161  	PARQUE CASILDA ITURRIZA	48011	48011	00048	1	9999	2	9998	4800
48001818  	PARQUE EUROPA	48004	48004	00048	1	9999	2	9998	4800
48001945  	PARROCO UGAZ	48006	48006	00048	1	9999	2	9998	4800
48002276  	PARROCO VICENTE ZABALA	48013	48013	00048	1	9999	2	9998	4800
48002359  	PAZ	48014	48014	00048	1	9999	2	9998	4800
48002277  	PEDRO BASTERRECHEA	48013	48013	00048	1	9999	2	9998	4800
48002078  	PEDRO EGUILLOR	48008	48008	00048	1	9999	2	9998	4800
48001569  	PEDRO IBARRETXE	48001	48001	00048	1	9999	2	9998	4800
48002218  	PEDRO MARTINEZ ARTOLA	48012	48012	00048	1	9999	2	9998	4800
48001886  	PELOTA	48005	48005	00048	1	9999	2	9998	4800
48001637  	PEÑA LEMONA	48002	48002	00048	1	9999	2	9998	4800
48001638  	PEÑASCAL	48002	48002	00048	1	9999	2	9998	4800
48002278  	PEREZ GALDOS	48013	48013	00048	47	9999	48	9998	4800
48001887  	PERRO	48005	48005	00048	1	9999	2	9998	4800
48002279  	PINADIA	48013	48013	00048	1	9999	2	9998	4800
48001819  	PINTOR ANGEL LARROQUE	48004	48004	00048	1	9999	2	9998	4800
48001820  	PINTOR ANSELMO GUINEA	48004	48004	00048	1	9999	2	9998	4800
48002427  	PINTOR ANTONIO GUEZALA	48015	48015	00048	1	9999	2	9998	4800
48001821  	PINTOR AURELIO ARTETA	48004	48004	00048	1	9999	2	9998	4800
48002039  	PINTOR EDUARDO ZAMACOIS	48007	48007	00048	1	9999	2	9998	4800
48002428  	PINTOR ETXENAGUSIA	48015	48015	00048	1	9999	2	9998	4800
48002327  	PINTOR IGNACIO ZULOAGA	48014	48014	00048	1	9999	2	9998	4800
48002219  	PINTOR LECUONA	48012	48012	00048	1	9999	2	9998	4800
48001822  	PINTOR LOSADA	48004	48004	00048	1	9999	2	9998	4800
48002429  	PINTOR TELLAETXE	48015	48015	00048	1	9999	2	9998	4800
48002220  	PINTORES ZUBIAURRE	48012	48012	00048	1	9999	2	9998	4800
48001547  	PIO BAROJA	48001	48001	00048	1	9999	2	9998	4800
48002300  	PLACIDO CAREAGA	48014	48014	00048	1	9999	2	9998	4800
48002040  	PLENTZIA	48007	48007	00048	1	9999	2	9998	4800
48001946  	POLVORIN	48006	48006	00048	1	9999	2	9998	4800
48001823  	PONTON	48004	48004	00048	1	9999	2	9998	4800
48002058  	POPULAR, LA	48007	48007	00048	1	9999	2	9998	4800
48001888  	PORTAL DE ZAMUDIO	48005	48005	00048	1	9999	2	9998	4800
48001570  	PORTUGALETE	48001	48001	00048	1	9999	2	9998	4800
48001571  	PRINCIPE	48001	48001	00048	1	9999	2	9998	4800
48002041  	PRINCIPE DE VIANA	48007	48007	00048	1	9999	2	9998	4800
48001720  	PROGRESO	48003	48003	00048	1	9999	2	9998	4800
48002343  	PUENTE DE DEUSTO	48014	48014	00048	1	9999	2	9998	4800
48001721  	PUENTE DE LA MERCED	48003	48003	00048	1	9999	2	9998	4800
48001722  	PUENTE DE LA RIBERA	48003	48003	00048	1	9999	2	9998	4800
48001572  	PUENTE DEL ARENAL	48001	48001	00048	1	9999	2	9998	4800
48001573  	PUENTE DEL AYUNTAMIENTO	48001	48001	00048	1	9999	2	9998	4800
48002103  	PUERTO DE LA PAZ	48009	48009	00048	1	9999	2	9998	4800
48002280  	PUNTA	48013	48013	00048	1	9999	2	9998	4800
48001966  	QUINTANA	48007	48007	00048	1	9999	2	9998	4800
48002162  	RAMON BASTERRA	48011	48011	00048	1	9999	2	9998	4800
48002163  	RAMON BERGE Y SALCEDO	48011	48011	00048	1	9999	2	9998	4800
48002431  	RAMON DE LA SOTA LLANO	48015	48015	00048	1	9999	2	9998	4800
48002344  	RAMON Y CAJAL	48014	48014	00048	1	9999	2	9998	4800
48002345  	RAMON Y CAJAL	48014	48014	00048	1	9999	2	9998	4800
48001824  	RECACO	48004	48004	00048	1	9999	2	9998	4800
48002129  	RECACOECHE	48010	48010	00048	1	9999	2	9998	4800
48002085  	RECALDE	48009	48009	00048	1	33	2	36	4800
48002166  	RECALDE	48011	48011	00048	35	37	38	48	4800
48002081  	RECALDE	48008	48008	00048	39	45	50	54	4800
48002133  	RECALDE	48010	48010	00048	47	61	56	66	4800
48002178  	RECALDE	48012	48012	00048	63	9999	68	9998	4800
48001587  	RECALDE	48002	48002	00048	1	9999	2	9998	4800
48001639  	RECALDE A LARRASQUITU	48002	48002	00048	1	9999	2	9998	4800
48001948  	REFUGIO	48006	48006	00048	1	3	2	4	4800
48001825  	REFUGIO	48004	48004	00048	5	9999	6	9998	4800
48001979  	REMAR	48007	48007	00048	1	9999	2	9998	4800
48001949  	REMIGIO GANDASEGUI MONS	48006	48006	00048	1	9999	2	9998	4800
48001925  	REVERENDO SANTIAGO LASALLE	48006	48006	00048	1	9999	2	9998	4800
48001889  	RIBERA	48005	48005	00048	1	9999	2	9998	4800
48002346  	RIBERA DE DEUSTO	48014	48014	00048	1	9999	2	9998	4800
48002432  	RIBERA ELORRIETA	48015	48015	00048	1	9999	2	9998	4800
48002042  	RICARDO ARREGUI	48007	48007	00048	1	9999	2	9998	4800
48002433  	RIOJA	48015	48015	00048	1	9999	2	9998	4800
48001574  	RIPA	48001	48001	00048	1	9999	2	9998	4800
48002079  	RODRIGUEZ ARIAS	48008	48008	00048	1	15	2	6	4800
48002164  	RODRIGUEZ ARIAS	48011	48011	00048	17	57	8	46	4800
48002281  	RODRIGUEZ ARIAS	48013	48013	00048	59	9999	48	9998	4800
48001890  	RONDA	48005	48005	00048	1	9999	2	9998	4800
48002434  	RONDOKO	48015	48015	00048	1	9999	2	9998	4800
48002370  	RONKAL	48015	48015	00048	1	9999	2	9998	4800
48002282  	SABINO ARANA	48013	48013	00048	1	59	2	42	4800
48002230  	SABINO ARANA	48012	48012	00048	61	9999	44	9998	4800
48001827  	SAGARMINAGA	48004	48004	00048	1	9999	2	9998	4800
48001762  	SAGARMINAGA	48004	48004	00048	1	9999	2	9998	4800
48001828  	SAGARMINAGA	48004	48004	00048	1	9999	2	9998	4800
48002347  	SAGRADA FAMILIA	48014	48014	00048	1	9999	2	9998	4800
48002144  	SAGRADO CORAZON DE JESUS	48011	48011	00048	1	9999	2	9998	4800
48001740  	SAIBIGAIN MONTE	48003	48003	00048	1	9999	2	9998	4800
48001641  	SALOU	48002	48002	00048	1	9999	2	9998	4800
48001967  	SALVE	48007	48007	00048	1	9999	2	9998	4800
48001968  	SALVE	48007	48007	00048	1	9999	2	9998	4800
48001723  	SAN ADRIAN	48003	48003	00048	1	9999	2	9998	4800
48001724  	SAN ADRIAN	48003	48003	00048	1	9999	2	9998	4800
48001725  	SAN ADRIAN	48003	48003	00048	1	9999	2	9998	4800
48002053  	SAN AGUSTIN	48007	48007	00048	1	9999	2	9998	4800
48001726  	SAN ESTEBAN	48003	48003	00048	1	9999	2	9998	4800
48002348  	SAN FELICISIMO	48014	48014	00048	1	9999	2	9998	4800
48002349  	SAN FELICISIMO	48014	48014	00048	1	9999	2	9998	4800
48001727  	SAN FRANCISCO	48003	48003	00048	1	9999	2	9998	4800
48002110  	SAN FRANCISCO JAVIER	48010	48010	00048	1	9999	2	9998	4800
48001950  	SAN FRANCISQUITO	48006	48006	00048	1	9999	2	9998	4800
48001969  	SAN ISIDRO	48007	48007	00048	1	9999	2	9998	4800
48002087  	SAN JOSE	48009	48009	00048	1	9999	2	9998	4800
48001728  	SAN JOSE OBRERO	48003	48003	00048	1	9999	2	9998	4800
48002109  	SAN MAMES	48010	48010	00048	1	9999	2	9998	4800
48001830  	SAN MARTIN DE LA ASCENSION	48004	48004	00048	1	9999	2	9998	4800
48002242  	SAN MIGUEL	48013	48013	00048	1	9999	2	9998	4800
48001891  	SAN NICOLAS	48005	48005	00048	1	9999	2	9998	4800
48002283  	SAN NICOLAS DE OLAVEAGA	48013	48013	00048	1	9999	2	9998	4800
48002295  	SAN PEDRO	48014	48014	00048	1	9999	2	9998	4800
48002350  	SAN PIO X	48014	48014	00048	1	9999	2	9998	4800
48002043  	SAN ROQUE	48007	48007	00048	1	9999	2	9998	4800
48002435  	SAN ROQUE	48015	48015	00048	1	9999	2	9998	4800
48001654  	SAN ROQUE (LARRASQUITU)	48003	48003	00048	1	9999	2	9998	4800
48001575  	SAN VICENTE	48001	48001	00048	1	9999	2	9998	4800
48002062  	SANATORIO SANTA MARINA	48008	48008	00048	0	0	0	0	4800
48002351  	SANCHO DE AZPEITIA	48014	48014	00048	1	9999	2	9998	4800
48001647  	SANTA ANA	48002	48002	00048	1	9999	2	9998	4800
48001831  	SANTA ANA DE BOLUETA	48004	48004	00048	1	9999	2	9998	4800
48001951  	SANTA CLARA	48006	48006	00048	1	9999	2	9998	4800
48001729  	SANTA ISABEL	48003	48003	00048	1	9999	2	9998	4800
48001833  	SANTA LUCIA	48004	48004	00048	1	9999	2	9998	4800
48001892  	SANTA MARIA	48005	48005	00048	1	9999	2	9998	4800
48001834  	SANTA MARINA	48004	48004	00048	1	9999	2	9998	4800
48001952  	SANTA MONICA	48006	48006	00048	1	9999	2	9998	4800
48002352  	SANTANDER	48014	48014	00048	1	9999	2	9998	4800
48001594  	SANTIAGO	48002	48002	00048	1	9999	2	9998	4800
48003125  	SANTIAGO BROVARD	48012	48012	00048	0	0	0	0	4800
48001855  	SANTIAGO, DE	48005	48005	00048	1	9999	2	9998	4800
48001854  	SANTIAGO, DE	48005	48005	00048	1	9999	2	9998	4800
48002436  	SANTO DOMINGO	48015	48015	00048	1	9999	2	9998	4800
48001953  	SANTO DOMINGO DE GUZMAN	48006	48006	00048	1	9999	2	9998	4800
48002366  	SANTO DOMINGO, ALTO	48015	48015	00048	1	9999	2	9998	4800
48001954  	SANTOS JUANES	48006	48006	00048	1	9999	2	9998	4800
48001836  	SANTUCHU	48004	48004	00048	1	63	2	74	4800
48001955  	SANTUCHU	48006	48006	00048	65	9999	76	9998	4800
48002044  	SANTURTZI	48007	48007	00048	1	9999	2	9998	4800
48002371  	SARACHE	48015	48015	00048	1	9999	2	9998	4800
48002373  	SARRIKOALDE	48015	48015	00048	1	9999	2	9998	4800
48002437  	SATURRARAN	48015	48015	00048	1	9999	2	9998	4800
48001730  	SEBERECHE	48003	48003	00048	1	9999	2	9998	4800
48002045  	SENDEJA	48007	48007	00048	1	9999	2	9998	4800
48001642  	SERANTES	48002	48002	00048	1	9999	2	9998	4800
48001643  	SEVERO UNZUE	48002	48002	00048	1	9999	2	9998	4800
48001650  	SIERVAS DE JESUS, MUELLE	48003	48003	00048	1	9999	2	9998	4800
48002130  	SIMON BOLIVAR	48010	48010	00048	1	19	2	18	4800
48002284  	SIMON BOLIVAR	48013	48013	00048	21	9999	20	9998	4800
48001644  	SOLLUBE	48002	48002	00048	1	9999	2	9998	4800
48001856  	SOLOCOECHE	48005	48005	00048	1	9999	2	9998	4800
48001893  	SOMBRERERIA	48005	48005	00048	1	9999	2	9998	4800
48001894  	SOMERA	48005	48005	00048	1	9999	2	9998	4800
48002227  	SOMOSIERRA ALTO	48012	48012	00048	1	9999	2	9998	4800
48001957  	SORKUNDE	48006	48006	00048	1	9999	2	9998	4800
48002304  	TAPIA	48014	48014	00048	1	9999	2	9998	4800
48002080  	TELESFORO ARANZADI	48008	48008	00048	1	9999	2	9998	4800
48002438  	TELLAECHE	48015	48015	00048	1	9999	2	9998	4800
48002222  	TELLAGORRI	48012	48012	00048	1	9999	2	9998	4800
48001837  	TELLERILLE	48004	48004	00048	1	9999	2	9998	4800
48001895  	TENDERIA	48005	48005	00048	1	9999	2	9998	4800
48001731  	TENOR CONSTANTINO	48003	48003	00048	1	9999	2	9998	4800
48001838  	TENOR FAGOAGA	48004	48004	00048	1	9999	2	9998	4800
48002046  	TIVOLI	48007	48007	00048	1	9999	2	9998	4800
48002047  	TIVOLI	48007	48007	00048	1	9999	2	9998	4800
48001645  	TOLOSA	48002	48002	00048	1	9999	2	9998	4800
48001839  	TOMAS MEABE	48004	48004	00048	1	9999	2	9998	4800
48002048  	TOMAS ZUBIRIA IBARRA	48007	48007	00048	1	9999	2	9998	4800
48002439  	TORIBIO ALZAGA	48015	48015	00048	1	9999	2	9998	4800
48001840  	TORRE GOROSTIZAGA	48004	48004	00048	1	9999	2	9998	4800
48001896  	TORRE, DE LA	48005	48005	00048	1	9999	2	9998	4800
48002176  	TORRE-URIZAR	48012	48012	00048	1	9999	2	9998	4800
48001993  	TRAUCO	48007	48007	00048	1	9999	2	9998	4800
48002049  	TRAUCO	48007	48007	00048	1	9999	2	9998	4800
48001732  	TRES PILARES	48003	48003	00048	1	9999	2	9998	4800
48002286  	TROCA	48013	48013	00048	1	9999	2	9998	4800
48002440  	TUDELA	48015	48015	00048	1	9999	2	9998	4800
48001971  	TUTULU	48007	48007	00048	1	9999	2	9998	4800
48001841  	TXIRRITA	48004	48004	00048	1	9999	2	9998	4800
48001842  	TXOMIN GARAT	48004	48004	00048	1	9999	2	9998	4800
48001851  	TXOTENA	48004	48004	00048	1	9999	2	9998	4800
48002175  	UGALDE	48012	48012	00048	1	9999	2	9998	4800
48001750  	UGARTE	48004	48004	00048	1	9999	2	9998	4800
48002353  	UGASCO	48014	48014	00048	1	9999	2	9998	4800
48002106  	UHAGON ALCALDE FELIPE	48010	48010	00048	1	9999	2	9998	4800
48002441  	UNIVERSIDAD DE OÑATE	48015	48015	00048	1	9999	2	9998	4800
48001972  	UNIVERSIDADES	48007	48007	00048	1	9999	2	9998	4800
48001733  	URAZURRUTIA	48003	48003	00048	1	9999	2	9998	4800
48002050  	URIBARRI	48007	48007	00048	1	9999	2	9998	4800
48001980  	URIBARRI, A, B Y C	48007	48007	00048	1	9999	2	9998	4800
48001997  	URIBARRI, ESCUELAS, CAMPA	48007	48007	00048	1	9999	2	9998	4800
48001577  	URIBITARTE	48001	48001	00048	1	9999	2	9998	4800
48001579  	URIBITARTE	48001	48001	00048	1	9999	2	9998	4800
48001578  	URIBITARTE, RAMPAS	48001	48001	00048	1	9999	2	9998	4800
48002170  	URIZAR	48012	48012	00048	1	9999	2	9998	4800
48002223  	URKIOLA	48012	48012	00048	1	9999	2	9998	4800
48002064  	URQUIJO	48008	48008	00048	1	33	2	24	4800
48002111  	URQUIJO	48010	48010	00048	35	43	26	32	4800
48002142  	URQUIJO	48011	48011	00048	45	59	34	68	4800
48002239  	URQUIJO	48013	48013	00048	65	9999	70	9998	4800
48002131  	URRUTIA	48010	48010	00048	1	9999	2	9998	4800
48002051  	VALENTIN BERRIOCHOA	48007	48007	00048	1	9999	2	9998	4800
48002442  	VALLE DEL BATZAN	48015	48015	00048	1	9999	2	9998	4800
48001546  	VENEZUELA	48001	48001	00048	1	9999	2	9998	4800
48001735  	VENTA ALTA	48003	48003	00048	1	9999	2	9998	4800
48001736  	VENTA BARRI	48003	48003	00048	1	9999	2	9998	4800
48001588  	VENTAS	48002	48002	00048	1	9999	2	9998	4800
48002287  	VENTOSA	48013	48013	00048	1	9999	2	9998	4800
48001994  	VIA VIEJA DE LEZAMA	48007	48007	00048	1	9999	2	9998	4800
48001958  	VICENTE GARAMENDI RV.	48006	48006	00048	1	9999	2	9998	4800
48001897  	VICTOR	48005	48005	00048	1	9999	2	9998	4800
48002288  	VICTOR CHAVARRI	48013	48013	00048	1	9999	2	9998	4800
48001580  	VILLARIAS	48001	48001	00048	1	9999	2	9998	4800
48001959  	VIRGEN DE BEGOÑA	48006	48006	00048	1	9999	2	9998	4800
48001960  	VIRGEN DE BEGOÑA	48006	48006	00048	1	9999	2	9998	4800
48002354  	VIRGEN DEL PINAR	48014	48014	00048	1	9999	2	9998	4800
48001749  	VIRGINECHE	48004	48004	00048	1	9999	2	9998	4800
48002224  	VISTA ALEGRE	48012	48012	00048	1	9999	2	9998	4800
48001584  	XALBADOR	48002	48002	00048	1	9999	2	9998	4800
48001737  	XENPELAR	48003	48003	00048	1	9999	2	9998	4800
48002356  	YBARRA RAFAELA	48014	48014	00048	1	9999	2	9998	4800
48001744  	ZABALA	48003	48003	00048	1	9999	2	9998	4800
48001908  	ZABALBIDE	48006	48006	00048	1	63	2	92	4800
48002059  	ZABALBIDE	48007	48007	00048	65	75	94	200	4800
48002377  	ZABALBIDE	48015	48015	00048	77	9999	202	9998	4800
48002114  	ZABALBURU	48010	48010	00048	3	9999	2	9998	4800
48001660  	ZABALBURU (2 BIS)	48003	48003	00048	1	0	0	0	4800
48002292  	ZALVIDEA	48013	48013	00048	1	9999	2	9998	4800
48001738  	ZAMACOLA	48003	48003	00048	1	9999	2	9998	4800
48002289  	ZANCOETA	48013	48013	00048	1	9999	2	9998	4800
48003128  	ZARANDOA	48015	48015	00048	0	0	0	0	4800
48002290  	ZAZPILANDA	48013	48013	00048	1	9999	2	9998	4800
48001751  	ZIZERUENE	48004	48004	00048	1	9999	2	9998	4800
48003113  	ZORROTZABASO	48013	48013	00048	1	9999	2	9998	4800
48003112  	ZORROTZAGANE	48013	48013	00048	1	9999	2	9998	4800
48002257  	ZORROZA	48013	48013	00048	1	9999	2	9998	4800
48002291  	ZORROZA A CASTREJANA	48013	48013	00048	1	9999	2	9998	4800
48002355  	ZORROZAURRE RIBERA	48014	48014	00048	1	9999	2	9998	4800
48002233  	ZORROZGOITI	48013	48013	00048	1	9999	2	9998	4800
48003110  	ZUATZU	48004	48004	00048	1	9999	2	9998	4800
48002171  	ZUBEROA	48012	48012	00048	1	9999	2	9998	4800
48001843  	ZUBISICO	48004	48004	00048	1	9999	2	9998	4800
48002225  	ZUGASTINOVIA	48012	48012	00048	1	9999	2	9998	4800
48001973  	ZUMAIA	48007	48007	00048	1	9999	2	9998	4800
48001909  	ZUMALACARREGUI	48006	48006	00048	0	0	28	9998	4800
48001995  	ZUMALACARREGUI (MENOS EL Nº 155)	48007	48007	00048	1	9999	2	26	4800
48001961  	ZUMARRAGA	48006	48006	00048	1	9999	2	9998	4800
48001962  	ZUMARRAGA	48006	48006	00048	1	9999	2	9998	4800
48002052  	ZURBARAN	48007	48007	00048	1	9999	2	9998	4800
48001996  	ZURBARAN	48007	48007	00048	1	9999	2	9998	4800
48002875  	AFORADOS	48902	48902	00048	1	9999	2	9998	4890
48002969  	AGUIRRE	48903	48903	00048	1	9999	2	9998	4890
48002771  	AHORRO, EL	48901	48901	00048	1	9999	2	9998	4890
48002970  	ALBENIZ	48903	48903	00048	1	9999	2	9998	4890
48002971  	ALBERDI	48903	48903	00048	1	9999	2	9998	4890
48002972  	ALDAI	48903	48903	00048	1	9999	2	9998	4890
48002783  	ALDAPA	48901	48901	00048	1	9999	2	9998	4890
48002973  	ALDEKO	48903	48903	00048	1	9999	2	9998	4890
48002948  	AMEZAGA	48903	48903	00048	1	9999	2	9998	4890
48002974  	ANAITASUNA	48903	48903	00048	1	9999	2	9998	4890
48002975  	ANBIA	48903	48903	00048	1	9999	2	9998	4890
48002876  	ANDALUCIA	48902	48902	00048	1	9999	2	9998	4890
48002949  	ANGELES, LOS	48903	48903	00048	1	9999	2	9998	4890
48002946  	ANSIO, DE	48903	48903	00048	1	9999	2	9998	4890
48002859  	ANTEIGLESIA, DE LA	48902	48902	00048	1	9999	2	9998	4890
48002784  	APUKO	48901	48901	00048	1	9999	2	9998	4890
48002785  	ARABA	48901	48901	00048	1	9999	2	9998	4890
48002860  	ARAGON	48902	48902	00048	1	9999	2	9998	4890
48002977  	ARAGUES	48903	48903	00048	1	9999	2	9998	4890
48002786  	ARANA	48901	48901	00048	1	9999	2	9998	4890
48002877  	ARAUTI	48902	48902	00048	1	9999	2	9998	4890
48002787  	ARCIPRESTE DE HITA	48901	48901	00048	1	9999	2	9998	4890
48002978  	ARGENTA	48903	48903	00048	1	9999	2	9998	4890
48002979  	ARRAGUA	48903	48903	00048	1	9999	2	9998	4890
48002788  	ARRANDI	48901	48901	00048	1	9999	2	9998	4890
48002981  	ARRIOTXE	48903	48903	00048	1	9999	2	9998	4890
48002878  	ARTEAGA	48902	48902	00048	1	9999	2	9998	4890
48002879  	ARTEAGABEITIA	48902	48902	00048	1	9999	2	9998	4890
48002880  	ARTEAGAGOIKO	48902	48902	00048	1	9999	2	9998	4890
48002982  	ARTETA	48903	48903	00048	1	9999	2	9998	4890
48002881  	ASTARLOA	48902	48902	00048	1	9999	2	9998	4890
48002882  	ASTURIAS	48902	48902	00048	1	9999	2	9998	4890
48002883  	AUTONOMIA	48902	48902	00048	1	9999	2	9998	4890
48002776  	AUZOLAN	48901	48901	00048	1	9999	2	9998	4890
48002884  	AXULAR	48902	48902	00048	1	9999	2	9998	4890
48002861  	AZORIN	48902	48902	00048	1	9999	2	9998	4890
48002956  	AZULA, DE	48903	48903	00048	1	9999	2	9998	4890
48002789  	BAGAZA	48901	48901	00048	1	9999	2	9998	4890
48002983  	BALEJO	48903	48903	00048	1	9999	2	9998	4890
48002984  	BARANDIARAN	48903	48903	00048	1	9999	2	9998	4890
48003067  	BASATXU	48903	48903	00048	1	9999	2	9998	4890
48002985  	BAZIGORTA	48903	48903	00048	1	9999	2	9998	4890
48002986  	BENGOLEA	48903	48903	00048	1	9999	2	9998	4890
48002790  	BERRIOTXOA	48901	48901	00048	1	9999	2	9998	4890
48002791  	BERTSOLARI	48901	48901	00048	1	9999	2	9998	4890
48002987  	BETELURI	48903	48903	00048	1	9999	2	9998	4890
48002988  	BETELURI	48903	48903	00048	1	9999	2	9998	4890
48002862  	BEURCO VIEJO	48902	48902	00048	1	9999	2	9998	4890
48002885  	BEURKO	48902	48902	00048	1	9999	2	9998	4890
48002858  	BIDE ONERA	48902	48902	00048	1	9999	2	9998	4890
48002989  	BITURITXA	48903	48903	00048	1	9999	2	9998	4890
48002868  	BIZKAIA	48902	48902	00048	31	47	32	62	4890
48002990  	BLAS DE OTERO	48903	48903	00048	1	9999	2	9998	4890
48002792  	BONDAD, LA	48901	48901	00048	1	9999	2	9998	4890
48002770  	BOTXO, DEL	48901	48901	00048	1	9999	2	9998	4890
48002886  	BREOGAN	48902	48902	00048	1	9999	2	9998	4890
48002991  	BUEN PASTOR (ARTZAIN ONA)	48903	48903	00048	1	9999	2	9998	4890
48002947  	BURTZEÑA	48903	48903	00048	1	9999	2	9998	4890
48002793  	BUSTINGORRI	48901	48901	00048	1	9999	2	9998	4890
48002992  	CALERO VIEJO (KAROBI ZAHAR)	48903	48903	00048	1	9999	2	9998	4890
48002993  	CALZADA, LA (GALTZADA)	48903	48903	00048	1	9999	2	9998	4890
48002887  	CANARIAS	48902	48902	00048	1	9999	2	9998	4890
48002888  	CANTABRIA	48902	48902	00048	1	9999	2	9998	4890
48002795  	CARMEN	48901	48901	00048	1	9999	2	9998	4890
48002794  	CARMEN, EL	48901	48901	00048	1	9999	2	9998	4890
48003120  	CASTILLA LA MANCHA	48901	48901	00048	1	9999	2	9998	4890
48003122  	CASTILLA LEON	48902	48902	00048	1	1	0	0	4890
48003121  	CASTILLA LEON	48901	48901	00048	3	9999	4	9998	4890
48002889  	CASTOR ANDETXAGA	48902	48902	00048	1	9999	2	9998	4890
48002798  	CATALUNYA	48901	48901	00048	1	9999	2	9998	4890
48002994  	CERCO, EL	48903	48903	00048	1	9999	2	9998	4890
48002799  	CERVANTES	48901	48901	00048	1	9999	2	9998	4890
48002890  	CID, EL	48902	48902	00048	1	9999	2	9998	4890
48002995  	COLON	48903	48903	00048	1	9999	2	9998	4890
48002996  	CONSTANCIA, LA	48903	48903	00048	1	9999	2	9998	4890
48002954  	CORAZON DE MARIA	48903	48903	00048	1	9999	2	9998	4890
48002997  	CORAZON DE MARIA	48903	48903	00048	1	9999	2	9998	4890
48002998  	CRUCES, CAMPA DE	48903	48903	00048	1	9999	2	9998	4890
48002999  	CRUCES, DE	48903	48903	00048	1	9999	2	9998	4890
48002955  	DELICIAS, LAS	48903	48903	00048	1	9999	2	9998	4890
48002782  	DESIERTO, DEL	48901	48901	00048	1	9999	2	9998	4890
48002891  	DIEGO DE VELAZQUEZ	48902	48902	00048	1	9999	2	9998	4890
48003001  	DINAMITA, LA	48903	48903	00048	1	9999	2	9998	4890
48002872  	DOCTOR FLEMING	48902	48902	00048	1	9999	2	9998	4890
48003002  	DOCTOR NORBERTO ACEBAL	48903	48903	00048	1	9999	2	9998	4890
48002953  	DOCTOR WAKSMAN	48903	48903	00048	1	9999	2	9998	4890
48003123  	DOLORES IBARRURI	48901	48901	00048	1	9999	2	9998	4890
48002892  	ECONOMIA, LA	48902	48902	00048	1	9999	2	9998	4890
48002894  	ELEJALDE	48902	48902	00048	1	9999	2	9998	4890
48002895  	ELEXPURU	48902	48902	00048	1	9999	2	9998	4890
48002966  	ELORRIAGA, DE	48903	48903	00048	1	9999	2	9998	4890
48002778  	ENCARTACIONES	48901	48901	00048	0	0	2	6	4890
48002874  	ENCARTACIONES	48902	48902	00048	1	9999	8	9998	4890
48002779  	ENCARTERRI	48901	48901	00048	0	0	2	6	4890
48002873  	ENCARTERRI	48902	48902	00048	1	9999	8	9998	4890
48002896  	ERREKATXU	48902	48902	00048	1	9999	2	9998	4890
48002800  	ERRIOXA (RIOJA)	48901	48901	00048	1	9999	2	9998	4890
48003003  	ERROTABARRIA	48903	48903	00048	1	9999	2	9998	4890
48003004  	ESKAURITZA	48903	48903	00048	1	9999	2	9998	4890
48002897  	ESPRONCEDA	48902	48902	00048	1	9999	2	9998	4890
48002898  	ETXATXU	48902	48902	00048	1	9999	2	9998	4890
48003118  	EUSKADI	48902	48902	00048	1	27	2	42	4890
48003119  	EUSKADI	48903	48903	00048	29	9999	44	9998	4890
48002961  	EUSKALDUNA	48903	48903	00048	1	9999	2	9998	4890
48002867  	EUSKALTZANDIA	48902	48902	00048	1	9999	2	9998	4890
48002900  	EUZKO GUDARI	48902	48902	00048	1	9999	2	9998	4890
48002901  	EXTREMADURA	48902	48902	00048	1	9999	2	9998	4890
48002902  	FAMILIAR, LA	48902	48902	00048	1	9999	2	9998	4890
48002801  	FELICIDAD, LA	48901	48901	00048	1	9999	2	9998	4890
48002802  	FERRERIAS (OLETA)	48901	48901	00048	1	9999	2	9998	4890
48002903  	FLORIDA, LA	48902	48902	00048	1	9999	2	9998	4890
48002904  	FRANCISCO DE GOYA	48902	48902	00048	1	9999	2	9998	4890
48002803  	FRANCISCO DE QUEVEDO	48901	48901	00048	1	9999	2	9998	4890
48002905  	FRANCISCO GOMEZ	48902	48902	00048	1	9999	2	9998	4890
48003005  	FRANCISCO TIERRA	48903	48903	00048	1	9999	2	9998	4890
48002856  	FUEROS	48901	48901	00048	1	9999	2	9998	4890
48002804  	FUERTE, EL	48901	48901	00048	1	9999	2	9998	4890
48002806  	GALINDO	48901	48901	00048	1	9999	2	9998	4890
48002906  	GALIZA	48902	48902	00048	1	9999	2	9998	4890
48003006  	GALSUA	48903	48903	00048	1	9999	2	9998	4890
48002807  	GANEKOGORTA	48901	48901	00048	1	9999	2	9998	4890
48002907  	GAUDI	48902	48902	00048	1	9999	2	9998	4890
48003007  	GOIKOSOLUA	48903	48903	00048	1	9999	2	9998	4890
48003008  	GOROSTIZA	48903	48903	00048	1	9999	2	9998	4890
48002908  	GUERNIKAKO ARBOLA	48902	48902	00048	1	9999	2	9998	4890
48002808  	GUIPUZCOA	48901	48901	00048	1	9999	2	9998	4890
48003009  	GURIDI	48903	48903	00048	1	9999	2	9998	4890
48003010  	GURUTZETA	48903	48903	00048	1	9999	2	9998	4890
48002775  	HERRIKO	48901	48901	00048	1	9999	2	9998	4890
48003011  	HILARIO AGAPITO	48903	48903	00048	1	9999	2	9998	4890
48002809  	HOGAR PROPIO	48901	48901	00048	1	9999	2	9998	4890
48002810  	IBAIZABAL	48901	48901	00048	1	9999	2	9998	4890
48002811  	IBARRA	48901	48901	00048	1	9999	2	9998	4890
48002812  	IBARRA	48901	48901	00048	1	9999	2	9998	4890
48002960  	IBARRE	48903	48903	00048	1	9999	2	9998	4890
48003013  	IBARRETA, VEGA DE	48903	48903	00048	1	9999	2	9998	4890
48003014  	IBERDUERO	48903	48903	00048	1	9999	2	9998	4890
48002909  	IGNACIO DE ZULOAGA	48902	48902	00048	1	9999	2	9998	4890
48002870  	ILLES, LES	48902	48902	00048	1	9999	2	9998	4890
48002813  	IPARRAGUIRRE	48901	48901	00048	1	9999	2	9998	4890
48002910  	ISAAC PERAL	48902	48902	00048	1	9999	2	9998	4890
48002814  	JACINTO BENAVENTE	48901	48901	00048	1	9999	2	9998	4890
48002815  	JOSE ZORRILLA	48901	48901	00048	1	17	2	18	4890
48002911  	JOSE ZORRILLA	48902	48902	00048	19	9999	20	9998	4890
48002816  	JUAN DE GARAY	48901	48901	00048	1	9999	2	9998	4890
48002912  	JUAN DE MENA	48902	48902	00048	1	9999	2	9998	4890
48002817  	JUAN SEBASTIAN ELKANO	48901	48901	00048	1	9999	2	9998	4890
48002964  	JUAN XXIII	48903	48903	00048	1	9999	2	9998	4890
48002818  	JUNTAS GENERALES (BATZAR NAGUSIEN)	48901	48901	00048	1	9999	2	9998	4890
48002913  	JURIONDO	48902	48902	00048	1	9999	2	9998	4890
48003015  	JUSTO PEREZ ETXEBARRIA	48903	48903	00048	1	9999	2	9998	4890
48003016  	KADAGUA	48903	48903	00048	1	9999	2	9998	4890
48003017  	KAREAGA	48903	48903	00048	1	9999	2	9998	4890
48002819  	KARRANZAIRU	48901	48901	00048	1	9999	2	9998	4890
48002915  	LABAIRU	48902	48902	00048	1	9999	2	9998	4890
48003018  	LABROSTEGUI	48903	48903	00048	1	9999	2	9998	4890
48002916  	LANDABEKO	48902	48902	00048	1	9999	2	9998	4890
48002917  	LANDABERRI	48902	48902	00048	1	9999	2	9998	4890
48002918  	LANDABURU	48902	48902	00048	1	9999	2	9998	4890
48002919  	LANDETA	48902	48902	00048	1	9999	2	9998	4890
48002820  	LAPURDI	48901	48901	00048	1	9999	2	9998	4890
48002920  	LARRASOLO	48902	48902	00048	1	9999	2	9998	4890
48003019  	LARRAZABAL	48903	48903	00048	1	9999	2	9998	4890
48002821  	LARREA	48901	48901	00048	1	9999	2	9998	4890
48002822  	LASESARRE	48901	48901	00048	1	9999	2	9998	4890
48003020  	LEKUBARRI	48903	48903	00048	1	9999	2	9998	4890
48002823  	LETXEZAR	48901	48901	00048	1	9999	2	9998	4890
48002772  	LIBERTAD	48901	48901	00048	1	9999	2	9998	4890
48003021  	LLANO	48903	48903	00048	1	9999	2	9998	4890
48002824  	LOPE DE VEGA	48901	48901	00048	1	9999	2	9998	4890
48002922  	LURQUIZAGA	48902	48902	00048	1	9999	2	9998	4890
48003022  	LUTXANA	48903	48903	00048	1	9999	2	9998	4890
48002924  	MAESTRO GRANADOS	48902	48902	00048	1	9999	2	9998	4890
48003023  	MAESTRO TEIXIDOR	48903	48903	00048	1	9999	2	9998	4890
48003024  	MAGALLANES	48903	48903	00048	1	9999	2	9998	4890
48002866  	MANUEL DE FALLA	48902	48902	00048	1	9999	2	9998	4890
48002773  	MARIA AUXILIADORA	48901	48901	00048	1	9999	2	9998	4890
48003025  	MAZORREKA	48903	48903	00048	1	9999	2	9998	4890
48002774  	MERINDAD DE URIBE	48901	48901	00048	1	9999	2	9998	4890
48003026  	MESPERUZA	48903	48903	00048	1	9999	2	9998	4890
48002871  	MIRANDA, DE	48902	48902	00048	1	9999	2	9998	4890
48003027  	MIRANDILLA	48903	48903	00048	1	9999	2	9998	4890
48002781  	MUGURUZA	48901	48901	00048	1	9999	2	9998	4890
48002826  	MUNIBE	48901	48901	00048	1	9999	2	9998	4890
48003028  	MUNOA	48903	48903	00048	1	9999	2	9998	4890
48002925  	MURCIA	48902	48902	00048	1	9999	2	9998	4890
48002926  	MURILLO	48902	48902	00048	1	9999	2	9998	4890
48002827  	MURRIETA	48901	48901	00048	1	9999	2	9998	4890
48002828  	NAFARROA	48901	48901	00048	1	9999	2	9998	4890
48002829  	NERVION	48901	48901	00048	1	9999	2	9998	4890
48003030  	OCHO DE SEPTIEMBRE	48903	48903	00048	1	9999	2	9998	4890
48003031  	OKELURI	48903	48903	00048	1	9999	2	9998	4890
48003032  	OLARTE	48903	48903	00048	1	9999	2	9998	4890
48002830  	ORDEN, EL	48901	48901	00048	1	9999	2	9998	4890
48002927  	PABLO PICASSO	48902	48902	00048	1	9999	2	9998	4890
48003034  	PADRE CIRILO SAGASTAGOITIA	48903	48903	00048	1	9999	2	9998	4890
48002928  	PAIS VALENCIA	48902	48902	00048	1	9999	2	9998	4890
48002831  	PARQUE DE ANTONIO TRUEBA	48901	48901	00048	1	9999	2	9998	4890
48002832  	PARQUE, EL	48901	48901	00048	1	9999	2	9998	4890
48002950  	PAZ, LA	48903	48903	00048	1	9999	2	9998	4890
48003068  	PEÑASKUREN	48903	48903	00048	1	9999	2	9998	4890
48003035  	PIO BAROJA	48903	48903	00048	1	9999	2	9998	4890
48002834  	PORMETXETA	48901	48901	00048	1	9999	2	9998	4890
48002835  	PORTU	48901	48901	00048	1	9999	2	9998	4890
48002929  	PORVENIR, EL	48902	48902	00048	1	9999	2	9998	4890
48002836  	PREVISION	48901	48901	00048	1	9999	2	9998	4890
48002837  	PROVIDENCIA, LA	48901	48901	00048	1	9999	2	9998	4890
48002838  	RAMON Y CAJAL	48901	48901	00048	1	9999	2	9998	4890
48002839  	RAMON Y CAJAL	48901	48901	00048	1	9999	2	9998	4890
48002840  	RAMON ZABALO	48901	48901	00048	1	9999	2	9998	4890
48003036  	RAVEL	48903	48903	00048	1	9999	2	9998	4890
48002958  	REGATO, EL	48903	48903	00048	1	9999	2	9998	4890
48002841  	REKETA	48901	48901	00048	1	9999	2	9998	4890
48003037  	REMENTERIA	48903	48903	00048	1	9999	2	9998	4890
48003117  	RESURRECIÓN MARÍA DE AZKUE, DE	48902	48902	00048	1	9999	2	9998	4890
48003038  	RETIRO, EL	48903	48903	00048	1	9999	2	9998	4890
48003069  	RETUERTO	48903	48903	00048	1	9999	2	9998	4890
48003039  	RIBERA, LA	48903	48903	00048	1	9999	2	9998	4890
48002951  	RIO CASTAÑOS	48903	48903	00048	1	9999	2	9998	4890
48002842  	RONTEGUI	48901	48901	00048	1	9999	2	9998	4890
48002932  	ROSARIO	48902	48902	00048	1	9999	2	9998	4890
48002931  	ROSARIO, EL	48902	48902	00048	1	9999	2	9998	4890
48002843  	RUBEN DARIO	48901	48901	00048	1	9999	2	9998	4890
48003040  	SAGARRASTI	48903	48903	00048	1	9999	2	9998	4890
48003041  	SAGASTI	48903	48903	00048	1	9999	2	9998	4890
48002869  	SAKONA	48902	48902	00048	1	9999	2	9998	4890
48002844  	SALGETA	48901	48901	00048	1	9999	2	9998	4890
48003042  	SAMANIEGO	48903	48903	00048	1	9999	2	9998	4890
48002846  	SAN ANTONIO	48901	48901	00048	1	9999	2	9998	4890
48003043  	SAN BARTOLOME	48903	48903	00048	1	9999	2	9998	4890
48002848  	SAN FERNANDO	48901	48901	00048	1	9999	2	9998	4890
48003044  	SAN IGNACIO	48903	48903	00048	1	9999	2	9998	4890
48002849  	SAN JOSE	48901	48901	00048	1	9999	2	9998	4890
48002850  	SAN JUAN	48901	48901	00048	1	9999	2	9998	4890
48002933  	SAN LUIS	48902	48902	00048	1	9999	2	9998	4890
48002934  	SAN PEDRO	48902	48902	00048	1	9999	2	9998	4890
48003045  	SAN ROQUE	48903	48903	00048	1	9999	2	9998	4890
48002935  	SAN VICENTE	48902	48902	00048	1	9999	2	9998	4890
48002944  	SAN VICENTE, DE	48902	48902	00048	1	9999	2	9998	4890
48003046  	SANTA AGUEDA	48903	48903	00048	1	9999	2	9998	4890
48003047  	SANTA LUCIA	48903	48903	00048	1	9999	2	9998	4890
48002864  	SANTIAGO APOSTOL	48902	48902	00048	1	9999	2	9998	4890
48002936  	SANTO DOMINGO DE GUZMAN	48902	48902	00048	1	9999	2	9998	4890
48002959  	SERRALTA	48903	48903	00048	1	9999	2	9998	4890
48003048  	SESUMAGA	48903	48903	00048	1	9999	2	9998	4890
48003049  	SIEBE	48903	48903	00048	1	9999	2	9998	4890
48003070  	SOBRECAMPA	48903	48903	00048	1	9999	2	9998	4890
48003051  	TELLITU	48903	48903	00048	1	9999	2	9998	4890
48003052  	TRESKILOTXA	48903	48903	00048	1	9999	2	9998	4890
48003053  	TURINA	48903	48903	00048	1	9999	2	9998	4890
48003054  	TXAHO	48903	48903	00048	1	9999	2	9998	4890
48003055  	TXAKOLI	48903	48903	00048	1	9999	2	9998	4890
48002937  	UNAMUNO, MIGUEL DE	48902	48902	00048	1	9999	2	9998	4890
48002938  	UNQUINESA	48902	48902	00048	1	9999	2	9998	4890
48003056  	URAGA	48903	48903	00048	1	9999	2	9998	4890
48003057  	URETA	48903	48903	00048	1	9999	2	9998	4890
48003058  	URKULLU	48903	48903	00048	1	9999	2	9998	4890
48003059  	VEGA DE TAPIA	48903	48903	00048	1	9999	2	9998	4890
48002865  	VEINTIDOS DE ENERO	48902	48902	00048	1	9999	2	9998	4890
48003060  	VICENTE ALEXANDRE	48903	48903	00048	1	9999	2	9998	4890
48002853  	VIRTUD, LA	48901	48901	00048	1	9999	2	9998	4890
48003061  	VISTA ALEGRE	48903	48903	00048	1	9999	2	9998	4890
48002968  	ZABALEN, CAMPA	48903	48903	00048	0	0	0	0	4890
48002854  	ZABALLA	48901	48901	00048	1	9999	2	9998	4890
48003062  	ZOPIMPA	48903	48903	00048	1	9999	2	9998	4890
48002939  	ZUAZO	48902	48902	00048	1	9999	2	9998	4890
48003063  	ZUAZO, VEGA DE	48903	48903	00048	1	9999	2	9998	4890
48002855  	ZUBEROA	48901	48901	00048	1	9999	2	9998	4890
48002940  	ZUBIAURRE	48902	48902	00048	1	9999	2	9998	4890
48003064  	ZUBILETA	48903	48903	00048	1	9999	2	9998	4890
48002962  	ZUBITXU	48903	48903	00048	1	9999	2	9998	4890
48002963  	ZUBITXUETA, DE	48903	48903	00048	1	9999	2	9998	4890
48002941  	ZULOKO	48902	48902	00048	1	9999	2	9998	4890
48002965  	ZULOKO	48903	48903	00048	1	9999	2	9998	4890
48003065  	ZUMALAKARREGUI	48903	48903	00048	1	9999	2	9998	4890
48003066  	ZURBARAN	48903	48903	00048	1	9999	2	9998	4890
48002381  	AITA PATXI	48015	48015	00048	1	9999	2	9998	4800
48002382  	ALTO SANTO DOMINGO	48015	48015	00048	1	9999	2	9998	4800
48002310  	ARANECO	48014	48014	00048	1	9999	2	9998	4800
48001901  	ARENAL	48005	48005	00048	1	9999	2	9998	4800
48001900  	ARRIAGA	48005	48005	00048	1	9999	2	9998	4800
48002082  	ASTARLOA	48008	48008	00048	7	9999	10	9998	4800
48002388  	BADAJOZ	48015	48015	00048	1	9999	2	9998	4800
48001977  	BARRIADA SARRIKUE	48007	48007	00048	1	9999	2	9998	4800
48002056  	BARRIO DE ZURBARAN	48007	48007	00048	1	9999	2	9998	4800
48002007  	BATALLA DE RONCESVALLES	48007	48007	00048	1	9999	2	9998	4800
48002231  	BIDEGAIN	48013	48013	00048	1	9999	2	9998	4800
48002363  	BUENAVISTA	48014	48014	00048	1	9999	2	9998	4800
48002393  	CACERES	48015	48015	00048	1	9999	2	9998	4800
48002011  	CAMPO VOLANTIN	48007	48007	00048	1	9999	2	9998	4800
48002398  	CHACOLI	48015	48015	00048	1	9999	2	9998	4800
48002149  	COLON DE LARREATEGUI	48011	48011	00048	43	9999	46	9998	4800
48001965  	DIECISEIS DE AGOSTO	48006	48006	00048	1	9999	2	9998	4800
48002177  	DONOSTIA AITA	48012	48012	00048	1	0	2	0	4800
48001780  	ELIZONDO	48004	48004	00048	1	9999	2	9998	4800
48002194  	ENRIQUE EGUREN	48012	48012	00048	1	9999	2	9998	4800
48002319  	ESPINOS	48014	48014	00048	1	9999	2	9998	4800
48002259  	FERROCARRIL	48013	48013	00048	0	0	2	8	4800
48002136  	GARAIZA PARROCO BERNARDINO	48011	48011	00048	1	9999	2	9998	4800
48002293  	GENERAL EGUIA	48013	48013	00048	29	9999	40	9998	4800
48001627  	GORDONIZ	48002	48002	00048	1	9999	2	9998	4800
48002095  	HENAO	48009	48009	00048	1	9999	2	9998	4800
48002445  	IBARRECOLANDA	48015	48015	00048	1	9999	2	9998	4800
48001698  	ITURBURU	48003	48003	00048	1	9999	2	9998	4800
48002155  	JARDIN BERGE Y SALCEDO	48011	48011	00048	1	9999	2	9998	4800
48002329  	JATA MONTE	48014	48014	00048	1	9999	2	9998	4800
48001795  	JUAN DE LA COSA	48004	48004	00048	1	9999	2	9998	4800
48001850  	LANGARAN	48004	48004	00048	1	9999	2	9998	4800
48001592  	LEON DE URUÑUELA	48002	48002	00048	1	9999	2	9998	4800
48002336  	LOGROÑO	48014	48014	00048	1	9999	2	9998	4800
48002209  	MACHIN	48012	48012	00048	1	9999	2	9998	4800
48002421  	MAR MEDITERRANEO	48015	48015	00048	1	9999	2	9998	4800
48002127  	MARIA DIAZ DE HARO	48010	48010	00048	31	9999	26	9998	4800
48001933  	MAZUSTEGUI	48006	48006	00048	1	9999	2	9998	4800
48002423  	MIKEL ZARATE	48015	48015	00048	1	9999	2	9998	4800
48002032  	MONTAÑO	48007	48007	00048	1	9999	2	9998	4800
48002302  	MONTE GANECOGORTA	48014	48014	00048	1	9999	2	9998	4800
48001939  	MUELLE DE IBENI	48006	48006	00048	1	9999	2	9998	4800
48002035  	MUGICA Y BUTRON	48007	48007	00048	1	9999	2	9998	4800
48002213  	NUESTRA SEÑORA DE MONSERRAT	48012	48012	00048	1	9999	2	9998	4800
48001815  	ONDARROA	48004	48004	00048	1	9999	2	9998	4800
48002160  	PARQUE DARIO REGOYOS	48011	48011	00048	1	9999	2	9998	4800
48002128  	PEREZ GALDOS	48010	48010	00048	1	45	2	46	4800
48002430  	PINTORES ARRUE	48015	48015	00048	1	9999	2	9998	4800
48001947  	PRIM	48006	48006	00048	1	9999	2	9998	4800
48002294  	RAFAEL MORENO	48013	48013	00048	1	9999	2	9998	4800
48001640  	RECALDEBERRI	48002	48002	00048	1	9999	2	9998	4800
48002221  	REYES CATOLICOS	48012	48012	00048	1	9999	2	9998	4800
48002299  	SAGARDUY	48014	48014	00048	1	9999	2	9998	4800
48001829  	SAN JOAQUIN	48004	48004	00048	1	9999	2	9998	4800
48001576  	SAN VICENTE	48001	48001	00048	1	9999	2	9998	4800
48001832  	SANTA CECILIA	48004	48004	00048	1	9999	2	9998	4800
48001835  	SANTO ROSARIO	48004	48004	00048	1	9999	2	9998	4800
48001956  	SOLOCOECHE	48006	48006	00048	1	9999	2	9998	4800
48002165  	TEOFILO GUIARD	48011	48011	00048	1	9999	2	9998	4800
48002285  	TRANSITO	48013	48013	00048	1	9999	2	9998	4800
48001760  	UNION BEGOÑESA	48004	48004	00048	1	9999	2	9998	4800
48002112  	URQUIJO	48010	48010	00048	61	63	0	0	4800
48001734  	VEINTIDOS DE DICIEMBRE	48003	48003	00048	1	9999	2	9998	4800
48001898  	VIUDA DE EPALZA	48005	48005	00048	1	9999	2	9998	4800
48003111  	ZAZPI LANDA	48013	48013	00048	1	9999	2	9998	4800
48001844  	ZUMALACARREGUI	48004	48004	00048	155	155	0	0	4800
48002976  	ANDICOLLANO	48903	48903	00048	1	9999	2	9998	4890
48002980  	ARRIAGA	48903	48903	00048	1	9999	2	9998	4890
48002943  	BABCOCK WILCOX	48902	48902	00048	1	9999	2	9998	4890
48002777  	BIZKAIA	48901	48901	00048	1	29	2	30	4890
48002796  	CASTAÑAL, EL (GAZTAINADI)	48901	48901	00048	1	9999	2	9998	4890
48003000  	DETXEPARE	48903	48903	00048	1	9999	2	9998	4890
48002893  	EGUSKIAGUIRRE	48902	48902	00048	1	9999	2	9998	4890
48002780  	EUROPA	48901	48901	00048	1	9999	2	9998	4890
48002805  	GABRIEL ARESTI	48901	48901	00048	1	9999	2	9998	4890
48003012  	HORACIO ETXEBARRIETA	48903	48903	00048	1	9999	2	9998	4890
48002957  	INMACULADA	48903	48903	00048	1	9999	2	9998	4890
48002914  	KANPETA	48902	48902	00048	1	9999	2	9998	4890
48002921  	LEON	48902	48902	00048	1	9999	2	9998	4890
48002825  	MENDIA	48901	48901	00048	1	9999	2	9998	4890
48003029  	OBISPO PADRE OLAECHEA	48903	48903	00048	1	9999	2	9998	4890
48003033  	ORCONERA	48903	48903	00048	1	9999	2	9998	4890
48002863  	PRIMERO DE MAYO	48902	48902	00048	1	9999	2	9998	4890
48002845  	SAN ANTOLIN	48901	48901	00048	1	9999	2	9998	4890
48002851  	SANTA TERESA	48901	48901	00048	1	9999	2	9998	4890
48003050  	TELLERIA	48903	48903	00048	1	9999	2	9998	4890
48002952  	VILLA CASTAÑOS	48903	48903	00048	1	9999	2	9998	4890
