01	11 	11; 12 y 13
01	12 	11; 12 y 13
01	13 	11; 12 y 13
02	21 	21; 22 y 23
02	22 	21; 22 y 23
02	23 	21; 22 y 23
03	31 	31 y 32
03	32 	31 y 32
04	41 	41
05	42 	42
06	51 	51 y 52
06	52 	51 y 52
07	61 	61; 62 y 63
07	62 	61; 62 y 63
07	63 	61; 62 y 63
08	71 	71; 72; 73; 74; 75 y 76
08	72 	71; 72; 73; 74; 75 y 76
08	73 	71; 72; 73; 74; 75 y 76
08	74 	71; 72; 73; 74; 75 y 76
08	75 	71; 72; 73; 74; 75 y 76
08	76 	71; 72; 73; 74; 75 y 76
09	81 	81; 82 y 83
09	82 	81; 82 y 83
09	83 	81; 82 y 83
10	91 	91; 92 y 93
10	92 	91; 92 y 93
10	93 	91; 92 y 93
