20001510  	ADARRA	20008	20008	00020	1	9999	2	9998	
20002611  	ADUNA	20018	20018	00020	1	9999	2	9998	
20001807  	AGERRE	20014	20014	00020	1	9999	2	9998	
20002612  	AGORRENE	20018	20018	00020	1	9999	2	9998	
20001317  	AGUIRRE MIRAMON	20002	20002	00020	1	9999	2	9998	
20001461  	AGUITI	20008	20008	00020	1	9999	2	9998	
20001520  	AIETE	20009	20009	00020	1	9999	2	9998	
20001802  	AINTZIETA	20014	20014	00020	1	9999	2	9998	
20002613  	AITA MEAGHER	20018	20018	00020	1	9999	2	9998	
20001462  	AIZGORRI	20008	20008	00020	1	51	2	42	
20002614  	AIZGORRI	20018	20018	00020	53	9999	44	9998	
20001552  	AIZKOLENE	20009	20009	00020	1	9999	2	9998	
20001761  	ALAI ALDE	20012	20012	00020	1	9999	2	9998	
20001728  	ALAI ONDO	20012	20012	00020	1	9999	2	9998	
20001905  	ALBRETEKO JOANAREN	20015	20015	00020	1	9999	2	9998	
20001771  	ALCALDE JOSE ELOSEGUI	20013	20013	00020	1	51	2	54	
20001879  	ALCALDE JOSE ELOSEGUI	20015	20015	00020	53	91	56	92	
20001925  	ALCALDE JOSE ELOSEGUI	20016	20016	00020	93	127	94	126	
20001947  	ALCALDE JOSE ELOSEGUI	20017	20017	00020	129	9999	128	9998	
20001729  	ALCOLEA	20012	20012	00020	1	9999	2	9998	
20001730  	ALDACONEA	20012	20012	00020	1	9999	2	9998	
20001339  	ALDAMAR	20003	20003	00020	1	9999	2	9998	
20001732  	ALDAPA	20012	20012	00020	1	9999	2	9998	
20001731  	ALDAPA BIDE	20012	20012	00020	1	9999	2	9998	
20001554  	ALDAPETA	20009	20009	00020	1	9999	2	9998	
20001649  	ALDAPETA	20009	20009	00020	1	9999	2	9998	
20001405  	ALFONSO VIII	20005	20005	00020	1	9999	2	9998	
20001511  	ALFONSO XIII	20008	20008	00020	1	9999	2	9998	
20001555  	ALKAINBIDE	20009	20009	00020	1	9999	2	9998	
20001664  	ALKIZA	20010	20010	00020	1	9999	2	9998	
20001417  	ALTO DE AMARA, VILLAS	20006	20006	00020	1	9999	2	9998	
20001556  	ALTO DE ERRONDO	20009	20009	00020	1	9999	2	9998	
20001808  	ALTO DE LOS ROBLES	20014	20014	00020	1	9999	2	9998	
20001557  	ALTO DE SAN BARTOLOME	20009	20009	00020	1	9999	2	9998	
20001558  	ALTXUENE	20009	20009	00020	1	9999	2	9998	
20001381  	ALVARO DEL VALLE LERCHUNDI	20003	20003	00020	1	9999	2	9998	
20001948  	ALZA	20017	20017	00020	1	9999	2	9998	
20001713  	AMAIUR PARKEA	20011	20011	00020	1	9999	2	9998	
20001418  	AMARA	20006	20006	00020	1	9999	2	9998	
20001416  	AMARA, DE	20006	20006	00020	1	9999	2	9998	
20001628  	AMERICA	20009	20009	00020	1	9999	2	9998	
20001725  	AMETZAGAÑA	20012	20012	00020	1	9999	2	9998	
20001804  	AMETZAGAÑA (BÑO LOYOLA)	20014	20014	00020	1	9999	2	9998	
20001685  	AMEZQUETAS	20010	20010	00020	1	9999	2	9998	
20001463  	AMEZTI	20008	20008	00020	1	9999	2	9998	
20001803  	ANCIETA	20014	20014	00020	1	9999	2	9998	
20001340  	ANDEREÑO ELBIRA CIPITRIA	20003	20003	00020	1	9999	2	9998	
20001385  	ANDIA	20004	20004	00020	1	9999	2	9998	
20001559  	ANDOAIN	20009	20009	00020	1	9999	2	9998	
20002615  	ANDRESTEGUI	20018	20018	00020	1	9999	2	9998	
20001341  	ANGEL	20003	20003	00020	1	9999	2	9998	
20002616  	ANGEL DE LA GUARDA	20018	20018	00020	1	9999	2	9998	
20001805  	ANOETA, DEPORTIVA	20014	20014	00020	1	9999	2	9998	
20001459  	ANTIGUO, DEL	20008	20008	00020	1	9999	2	9998	
20001809  	ANTONDEGI GAIN	20014	20014	00020	1	9999	2	9998	
20002676  	ANTONIO ARZAK	20018	20018	00020	1	9999	2	9998	
20001666  	ANTONIO DE CORTAZAR	20010	20010	00020	1	9999	2	9998	
20002618  	ANTONIO DE GAZTAÑETA	20018	20018	00020	1	9999	2	9998	
20002617  	AÑORGA TXIKI	20018	20018	00020	1	9999	2	9998	
20001810  	APOSTOLADO	20014	20014	00020	1	9999	2	9998	
20001684  	ARABA	20010	20010	00020	1	9999	2	9998	
20002619  	ARBIZKETA	20018	20018	00020	1	9999	2	9998	
20001415  	ARBOL DE GUERNICA	20006	20006	00020	1	9999	2	9998	
20001766  	ARBOLA	20013	20013	00020	1	9999	2	9998	
20001646  	ARBUSTOS	20009	20009	00020	1	9999	2	9998	
20001906  	ARGEL	20015	20015	00020	1	9999	2	9998	
20001914  	ARKAZIETA PARKEA	20015	20015	00020	1	9999	2	9998	
20001696  	ARMERIAS	20011	20011	00020	1	9999	2	9998	
20001406  	ARRASATE	20005	20005	00020	1	9999	2	9998	
20001949  	ARRI BERRI	20017	20017	00020	1	9999	2	9998	
20001950  	ARRI ZAR	20017	20017	00020	1	9999	2	9998	
20002620  	ARRIOLA	20018	20018	00020	1	9999	2	9998	
20001464  	ARRITXULO	20008	20008	00020	1	9999	2	9998	
20001859  	ARROAS	20015	20015	00020	1	9999	2	9998	
20001419  	ARROKA	20006	20006	00020	1	9999	2	9998	
20001873  	ARTIKUTZA	20015	20015	00020	1	9999	2	9998	
20001811  	ARTOLATEGUI	20014	20014	00020	1	9999	2	9998	
20002621  	ARTURO CAMPION	20018	20018	00020	1	9999	2	9998	
20001951  	ARTXIPI	20017	20017	00020	1	9999	2	9998	
20001383  	ASKATASUNAREN	20004	20004	00020	1	9999	2	9998	
20001563  	ASKENPORTU	20009	20009	00020	1	9999	2	9998	
20002622  	ASTIGARRAGA	20018	20018	00020	1	9999	2	9998	
20001711  	ASTILLEROS	20011	20011	00020	1	9999	2	9998	
20001857  	ATARI-EDER	20014	20014	00020	1	9999	2	9998	
20001772  	ATARI-ZAR	20013	20013	00020	1	9999	2	9998	
20001767  	ATEGORRIETA	20013	20013	00020	1	9999	2	9998	
20001801  	ATEGORRIETA	20013	20013	00020	1	9999	2	9998	
20001773  	ATEGORRIETA, VIEJA	20013	20013	00020	1	9999	2	9998	
20002623  	ATOTXAERREKA	20018	20018	00020	1	9999	2	9998	
20001420  	AUTONOMIA	20006	20006	00020	1	9999	2	9998	
20001519  	AVES	20009	20009	00020	1	9999	2	9998	
20001565  	AZKARATENE	20009	20009	00020	1	9999	2	9998	
20001691  	AZKOITIA	20011	20011	00020	1	9999	2	9998	
20001952  	AZKUENE	20017	20017	00020	1	9999	2	9998	
20001667  	AZPEITIA	20010	20010	00020	1	9999	2	9998	
20001722  	BALDOMERO ANABITARTE	20011	20011	00020	1	9999	2	9998	
20002625  	BALENTEGI	20018	20018	00020	1	9999	2	9998	
20001698  	BALLENEROS	20011	20011	00020	1	9999	2	9998	
20001768  	BARANDIARAN JOSE MIGUEL	20013	20013	00020	1	9999	2	9998	
20001800  	BARANDIARAN JOXEMIEL	20013	20013	00020	1	9999	2	9998	
20001907  	BARATZATEGI	20015	20015	00020	1	9999	2	9998	
20001812  	BARCAIZTEGUI	20014	20014	00020	1	9999	2	9998	
20001626  	BARRIO AÑORGA	20009	20009	00020	0	0	0	0	
20001953  	BARRIO DE ALZA	20017	20017	00020	1	9999	2	9998	
20001567  	BARRIO DE AÑORGA	20009	20009	00020	1	9999	2	9998	
20001568  	BARRIO DE AYETE	20009	20009	00020	1	9999	2	9998	
20001774  	BARRIO DE CEMORILLA	20013	20013	00020	1	9999	2	9998	
20001569  	BARRIO DE COMPORTA	20009	20009	00020	1	9999	2	9998	
20001733  	BARRIO DE EGUIA	20012	20012	00020	1	9999	2	9998	
20001465  	BARRIO DE EGUIOLA	20008	20008	00020	1	9999	2	9998	
20001954  	BARRIO DE GOMISTEGUI	20017	20017	00020	1	9999	2	9998	
20001570  	BARRIO DE GURUTXE	20009	20009	00020	1	9999	2	9998	
20001571  	BARRIO DE IBAETA	20009	20009	00020	1	9999	2	9998	
20001572  	BARRIO DE IGARA	20009	20009	00020	1	9999	2	9998	
20001880  	BARRIO DE JULIMASENE	20015	20015	00020	1	9999	2	9998	
20001955  	BARRIO DE LA CANTERA	20017	20017	00020	1	9999	2	9998	
20001926  	BARRIO DE LAS MERCEDES	20016	20016	00020	1	9999	2	9998	
20001956  	BARRIO DE LORETE	20017	20017	00020	1	9999	2	9998	
20001813  	BARRIO DE LOYOLA	20014	20014	00020	1	9999	2	9998	
20001573  	BARRIO DE LUGARIZ	20009	20009	00020	1	9999	2	9998	
20001574  	BARRIO DE MORLANS	20009	20009	00020	1	9999	2	9998	
20001957  	BARRIO DE OLETA	20017	20017	00020	1	9999	2	9998	
20001958  	BARRIO DE SAN ISIDRO	20017	20017	00020	1	9999	2	9998	
20001959  	BARRIO DE SANTA BARBARA	20017	20017	00020	1	9999	2	9998	
20001575  	BARRIO DEL INFIERNO	20009	20009	00020	1	9999	2	9998	
20001960  	BARRIO HERRERA	20017	20017	00020	1	9999	2	9998	
20001576  	BARRIO NUESTRA SEÑORA DEL CARMEN	20009	20009	00020	1	9999	2	9998	
20001577  	BARRIO RECALDE	20009	20009	00020	1	9999	2	9998	
20001961  	BARRIO ROTETA	20017	20017	00020	1	9999	2	9998	
20001927  	BARRIO SAN ANTONIO	20016	20016	00020	1	9999	2	9998	
20001962  	BARRIO URARTE	20017	20017	00020	1	9999	2	9998	
20001881  	BASO TXIKI	20015	20015	00020	1	9999	2	9998	
20001814  	BASOZABAL	20014	20014	00020	1	9999	2	9998	
20002624  	BAYONA	20018	20018	00020	1	9999	2	9998	
20001734  	BAZTAN	20012	20012	00020	1	9999	2	9998	
20001735  	BELARTZA	20012	20012	00020	1	9999	2	9998	
20002677  	BELARTZA, DE	20018	20018	00020	1	9999	2	9998	
20001578  	BELIZ ALDE	20009	20009	00020	1	9999	2	9998	
20001647  	BELOKA	20009	20009	00020	1	9999	2	9998	
20001858  	BELTRAN PAGOLA	20015	20015	00020	1	9999	2	9998	
20001386  	BENGOECHEA	20004	20004	00020	1	9999	2	9998	
20001534  	BENTABERRI	20009	20009	00020	1	9999	2	9998	
20001535  	BENTABERRI	20009	20009	00020	1	9999	2	9998	
20001527  	BERA-BERA	20009	20009	00020	1	9999	2	9998	
20002626  	BERIO	20018	20018	00020	1	9999	2	9998	
20001318  	BERMINGHAM	20002	20002	00020	1	15	2	12	
20001286  	BERMINGHAM	20001	20001	00020	17	9999	14	9998	
20001922  	BERNAT ETXEPARE, DE	20015	20015	00020	1	9999	2	9998	
20001379  	BERRIA	20003	20003	00020	1	9999	2	9998	
20001963  	BERSOLARI TXIRRITA	20017	20017	00020	1	9999	2	9998	
20001403  	BILBAO	20005	20005	00020	1	9999	2	9998	
20001342  	BILINTX	20003	20003	00020	1	9999	2	9998	
20001313  	BITERI	20001	20001	00020	1	9999	2	9998	
20001908  	BIZENTA MOGEL	20015	20015	00020	1	9999	2	9998	
20001712  	BIZKAIA	20011	20011	00020	0	0	22	9998	
20001663  	BIZKAIA	20010	20010	00020	1	17	2	16	
20001439  	BLAS DE LEZO	20007	20007	00020	1	9999	2	9998	
20001522  	BORROTO	20009	20009	00020	1	9999	2	9998	
20001336  	BOULEVARD	20003	20003	00020	1	9999	2	9998	
20001343  	BRECHA	20003	20003	00020	1	9999	2	9998	
20001338  	BRECHA, DE LA	20003	20003	00020	1	9999	2	9998	
20001466  	BRUNET	20008	20008	00020	1	9999	2	9998	
20001404  	BUEN PASTOR	20005	20005	00020	1	9999	2	9998	
20001928  	BUENAVISTA	20016	20016	00020	1	9999	2	9998	
20001467  	BUSTINZURI	20008	20008	00020	1	9999	2	9998	
20001909  	BUZTINTXULO	20015	20015	00020	1	9999	2	9998	
20001538  	CALIGRAFOS, DE LOS	20009	20009	00020	1	9999	2	9998	
20001387  	CAMINO	20004	20004	00020	1	9999	2	9998	
20001344  	CAMPANARIO	20003	20003	00020	1	9999	2	9998	
20001699  	CARLOS I	20011	20011	00020	1	9999	2	9998	
20001287  	CARQUIZANO	20001	20001	00020	1	9999	2	9998	
20001964  	CASA NAO	20017	20017	00020	1	9999	2	9998	
20001965  	CASARES	20017	20017	00020	1	9999	2	9998	
20001882  	CASERIO PARADA	20015	20015	00020	1	9999	2	9998	
20001915  	CASTELAO PARKEA	20015	20015	00020	1	9999	2	9998	
20001765  	CASTILLA	20012	20012	00020	1	9999	2	9998	
20001380  	CASTILLO	20003	20003	00020	1	9999	2	9998	
20001668  	CATALINA DE ERAUSO	20010	20010	00020	1	9999	2	9998	
20001315  	CATALUÑA	20001	20001	00020	1	9999	2	9998	
20001929  	CEDRO	20016	20016	00020	1	9999	2	9998	
20001736  	CEMENTERIO DE POLLOE	20012	20012	00020	1	9999	2	9998	
20001421  	CENTENARIO	20006	20006	00020	1	9999	2	9998	
20001388  	CERVANTES	20004	20004	00020	1	9999	2	9998	
20001288  	CHOFRE	20001	20001	00020	1	9999	2	9998	
20001389  	CHURRUCA	20004	20004	00020	1	9999	2	9998	
20001930  	CIUDAD JARDIN SAN ANTONIO	20016	20016	00020	1	9999	2	9998	
20001319  	CLAUDIO ANTON DE LUZURIAGA	20002	20002	00020	1	9999	2	9998	
20001289  	CLAUDIO DELGADO DE AMEZTOY	20001	20001	00020	1	9999	2	9998	
20001669  	COFRADIAS DONOSTIARRA	20010	20010	00020	1	9999	2	9998	
20001333  	COLON	20002	20002	00020	1	9999	2	9998	
20001815  	COLONIA VIRGEN DEL PILAR	20014	20014	00020	1	9999	2	9998	
20001435  	CONCHA	20007	20007	00020	1	9999	2	9998	
20001737  	CONCORRONEA	20012	20012	00020	1	9999	2	9998	
20001440  	CONDE DE PLASENCIA	20007	20007	00020	1	9999	2	9998	
20001382  	CONSTITUCION	20003	20003	00020	1	9999	2	9998	
20001716  	CONSULADO	20011	20011	00020	1	9999	2	9998	
20001700  	CORSARIOS VASCOS	20011	20011	00020	1	9999	2	9998	
20001290  	CORTA	20001	20001	00020	1	9999	2	9998	
20001468  	CRISTOBAL BALENCIAGA	20008	20008	00020	1	9999	2	9998	
20001806  	CUARTELES, DE LOS	20014	20014	00020	1	9999	2	9998	
20001509  	DAIRA DE BOJADOR	20008	20008	00020	1	9999	2	9998	
20001966  	DARIETA	20017	20017	00020	1	9999	2	9998	
20001579  	DEPORTE	20009	20009	00020	1	9999	2	9998	
20001291  	DOCTOR DELGADO DE AMESTOY	20001	20001	00020	1	9999	2	9998	
20001816  	DOCTOR JOSE BEGUIRISTAIN	20014	20014	00020	1	9999	2	9998	
20001523  	DOCTOR MARAÑON	20009	20009	00020	1	9999	2	9998	
20001632  	DOMINGO AGUIRRE	20009	20009	00020	1	9999	2	9998	
20002627  	DONIBANE GARAZI	20018	20018	00020	1	9999	2	9998	
20001872  	DONIBANE-LOHIZUNE	20015	20015	00020	1	9999	2	9998	
20001581  	DONOSTI ZARRA	20009	20009	00020	1	9999	2	9998	
20001320  	DUNAS, LAS	20002	20002	00020	1	9999	2	9998	
20001582  	DUQUE DE BAENA	20009	20009	00020	1	9999	2	9998	
20001738  	DUQUE DE MANDAS	20012	20012	00020	1	9999	2	9998	
20001422  	EASO	20006	20006	00020	1	9999	2	9998	
20001433  	EASO	20006	20006	00020	1	9999	2	9998	
20001407  	ECHAIDE	20005	20005	00020	1	9999	2	9998	
20001682  	ECHEVERRI	20010	20010	00020	1	9999	2	9998	
20001469  	EGIOLA,	20008	20008	00020	1	9999	2	9998	
20001739  	EGUIA	20012	20012	00020	1	9999	2	9998	
20001726  	EGUIA, DE	20012	20012	00020	1	9999	2	9998	
20002628  	EGUZKITZA	20018	20018	00020	1	9999	2	9998	
20001817  	EGUZQUIEDER	20014	20014	00020	1	9999	2	9998	
20001719  	EIBAR	20011	20011	00020	1	9999	2	9998	
20001876  	EKUATORE-GINEA	20015	20015	00020	1	9999	2	9998	
20001390  	ELCANO	20004	20004	00020	1	9999	2	9998	
20002629  	ELIAS SALABERRIA	20018	20018	00020	1	9999	2	9998	
20001967  	ELIZALDE	20017	20017	00020	1	9999	2	9998	
20001968  	ELIZASU	20017	20017	00020	1	9999	2	9998	
20001818  	ELKANO	20014	20014	00020	1	9999	2	9998	
20001345  	ELVIRA CIPITRIA	20003	20003	00020	1	9999	2	9998	
20001346  	EMBELTRAN	20003	20003	00020	1	9999	2	9998	
20001969  	ERMITA	20017	20017	00020	1	9999	2	9998	
20002630  	ERREKALDE	20018	20018	00020	1	9999	2	9998	
20001775  	ERRENDERIA	20013	20013	00020	1	9999	2	9998	
20001662  	ERRONDO	20010	20010	00020	1	9999	2	9998	
20001584  	ERRONDO, DEL ALTO	20009	20009	00020	1	9999	2	9998	
20002632  	ERROTA-AUNDIETA	20018	20018	00020	1	9999	2	9998	
20002678  	ERROTABURU	20018	20018	00020	1	9999	2	9998	
20001470  	ERROTATXO	20008	20008	00020	1	9999	2	9998	
20002631  	ERROTAZAR	20018	20018	00020	1	9999	2	9998	
20001471  	ESCOLTA REAL	20008	20008	00020	1	9999	2	9998	
20002633  	ESCRITOR JOSE ARTETXE	20018	20018	00020	1	9999	2	9998	
20002634  	ESCRITORA KARMELE SAINT-MARTIN	20018	20018	00020	1	9999	2	9998	
20001970  	ESKALANTEGUI	20017	20017	00020	1	9999	2	9998	
20001537  	ESKRIBAUEN	20009	20009	00020	1	9999	2	9998	
20001391  	ESPAÑA	20004	20004	00020	1	9999	2	9998	
20001347  	ESTERLINES	20003	20003	00020	1	9999	2	9998	
20001697  	ESTUDIOS	20011	20011	00020	1	9999	2	9998	
20002607  	ETUME	20008	20008	00020	1	9999	2	9998	
20001472  	ETUME	20008	20008	00020	1	9999	2	9998	
20002635  	EUROPA	20018	20018	00020	1	9999	2	9998	
20001348  	EUSKAL ERRIA	20003	20003	00020	1	9999	2	9998	
20001723  	EUSKAL KORSARIOEN (CORSARIOS VASCOS)	20011	20011	00020	1	9999	2	9998	
20001701  	EUSTASIO DE AMILIBIA	20011	20011	00020	1	9999	2	9998	
20001332  	EUZKADI	20002	20002	00020	1	9999	2	9998	
20001916  	EXTIETA PARKEA	20015	20015	00020	1	9999	2	9998	
20001910  	EXTREMADURA	20015	20015	00020	1	9999	2	9998	
20001453  	FARO (IGUELDO)	20008	20008	00020	1	9999	2	9998	
20001436  	FE	20007	20007	00020	1	9999	2	9998	
20001702  	FELIPE IV	20011	20011	00020	1	9999	2	9998	
20001349  	FERMIN CALBETON	20003	20003	00020	1	9999	2	9998	
20001883  	FERNANDO SASIAIN, DE	20015	20015	00020	1	9999	2	9998	
20001703  	FERRERIAS	20011	20011	00020	1	9999	2	9998	
20001884  	FRANCES	20015	20015	00020	1	9999	2	9998	
20001740  	FRANCIA	20012	20012	00020	1	9999	2	9998	
20001727  	FRUTAS, DE	20012	20012	00020	1	9999	2	9998	
20001408  	FUENTERRABIA	20005	20005	00020	1	9999	2	9998	
20001402  	FUEROS	20005	20005	00020	1	9999	2	9998	
20001460  	FUNICULAR DE IGUELDO	20008	20008	00020	1	9999	2	9998	
20001912  	GABRIEL ARESTI	20015	20015	00020	1	9999	2	9998	
20001920  	GABRIEL CELAYA, DE	20015	20015	00020	1	9999	2	9998	
20001911  	GALIZIA	20015	20015	00020	1	9999	2	9998	
20001473  	GANCHEGUI	20008	20008	00020	1	9999	2	9998	
20001971  	GARBERA	20017	20017	00020	1	9999	2	9998	
20001392  	GARIBAY	20004	20004	00020	1	9999	2	9998	
20001885  	GARRO	20015	20015	00020	1	9999	2	9998	
20001861  	GAZTELA	20015	20015	00020	1	9999	2	9998	
20001776  	GAZTELU	20013	20013	00020	1	9999	2	9998	
20001321  	GENERAL ARTECHE	20002	20002	00020	1	9999	2	9998	
20001350  	GENERAL ECHAGUE	20003	20003	00020	1	9999	2	9998	
20001351  	GENERAL JAUREGUI	20003	20003	00020	1	9999	2	9998	
20001441  	GENERAL LERTXUNDI	20007	20007	00020	1	9999	2	9998	
20001423  	GENERAL PRIM	20006	20006	00020	1	9999	2	9998	
20001474  	GENERAL ZUMALAKARREGUI	20008	20008	00020	1	9999	2	9998	
20001292  	GLORIA	20001	20001	00020	1	9999	2	9998	
20002679  	GOIAZ TXIKI	20009	20009	00020	1	9999	2	9998	
20001931  	GOMISTEGI	20016	20016	00020	1	9999	2	9998	
20001692  	GRACIA OLAZABAL	20011	20011	00020	1	9999	2	9998	
20001322  	GRAN VIA (A Y B)	20002	20002	00020	1	19	2	16	
20001293  	GRAN VIA (A Y B)	20001	20001	00020	21	9999	18	9998	
20001724  	GREGORIO ORDOÑEZ	20011	20011	00020	1	9999	2	9998	
20001285  	GROS, DE	20001	20001	00020	1	9999	2	9998	
20001932  	GUARDA PLATA	20016	20016	00020	1	9999	2	9998	
20002608  	GUDAMENDI	20008	20008	00020	1	9999	2	9998	
20001475  	GUDAMENDI	20008	20008	00020	1	9999	2	9998	
20001409  	GUETARIA	20005	20005	00020	1	9999	2	9998	
20001877  	GUINEA ECUATORIAL, DE	20015	20015	00020	1	9999	2	9998	
20001401  	GUIPUZCOA	20004	20004	00020	1	9999	2	9998	
20001589  	GURUTXE	20009	20009	00020	1	9999	2	9998	
20001588  	GURUTXE ALDE	20009	20009	00020	1	9999	2	9998	
20001454  	HERIZ	20008	20008	00020	1	127	2	126	
20001590  	HERIZ	20009	20009	00020	129	9999	130	9998	
20001393  	HERNANI	20004	20004	00020	1	9999	2	9998	
20001972  	HERRERA	20017	20017	00020	1	9999	2	9998	
20001878  	HERRIKO LURRA	20015	20015	00020	1	9999	2	9998	
20001820  	HIPICA	20014	20014	00020	1	9999	2	9998	
20001543  	HIRUTXULO	20009	20009	00020	1	9999	2	9998	
20001294  	HUERTAS	20001	20001	00020	1	9999	2	9998	
20001854  	IBAIALDE	20014	20014	00020	1	9999	2	9998	
20001394  	IDIAQUEZ	20004	20004	00020	1	9999	2	9998	
20002636  	IGARA	20018	20018	00020	1	9999	2	9998	
20001821  	IGLESIA	20014	20014	00020	1	9999	2	9998	
20001973  	IGNACIO CASARES	20017	20017	00020	1	9999	2	9998	
20001974  	IGNACIO CASARES	20017	20017	00020	1	9999	2	9998	
20001720  	IGNACIO MERCADER	20011	20011	00020	1	9999	2	9998	
20001353  	IGNACIO ZULOAGA	20003	20003	00020	1	9999	2	9998	
20002609  	IGUELDO	20008	20008	00020	1	9999	2	9998	
20001476  	IGUELDO	20008	20008	00020	1	9999	2	9998	
20001822  	IGUELTEGUI	20014	20014	00020	1	9999	2	9998	
20001352  	IJENTEA	20003	20003	00020	1	9999	2	9998	
20002637  	ILLARRA	20018	20018	00020	1	9999	2	9998	
20001721  	ILLUNBE	20011	20011	00020	1	9999	2	9998	
20001886  	INCHAURRONDO	20015	20015	00020	1	9999	2	9998	
20001777  	INDIANO-ENEA	20013	20013	00020	1	9999	2	9998	
20002638  	INESA DE GAXEN	20018	20018	00020	1	9999	2	9998	
20001477  	INFANTA BEATRIZ	20008	20008	00020	1	9999	2	9998	
20001478  	INFANTA CRISTINA	20008	20008	00020	1	9999	2	9998	
20001512  	INFANTE DON JAIME	20008	20008	00020	1	9999	2	9998	
20001513  	INFANTE DON JUAN	20008	20008	00020	1	9999	2	9998	
20001887  	INTXAURRONDO	20015	20015	00020	1	9999	2	9998	
20001354  	IÑIGO	20003	20003	00020	1	9999	2	9998	
20001295  	IPARRAGUIRRE	20001	20001	00020	1	9999	2	9998	
20001741  	IRADIENE	20012	20012	00020	1	9999	2	9998	
20001710  	IRUN	20011	20011	00020	1	9999	2	9998	
20001888  	IRURAK	20015	20015	00020	1	9999	2	9998	
20001742  	IRURESORO	20012	20012	00020	1	9999	2	9998	
20001760  	IRURESORO	20012	20012	00020	1	9999	2	9998	
20001704  	ISABEL II	20011	20011	00020	1	9999	2	9998	
20002639  	ISIDRO ANSORENA	20018	20018	00020	1	9999	2	9998	
20001479  	ISTINGORRA	20008	20008	00020	1	9999	2	9998	
20002610  	ITURRIETA	20008	20008	00020	1	9999	2	9998	
20001592  	IZABURU	20009	20009	00020	1	9999	2	9998	
20001296  	IZTUETA	20001	20001	00020	1	9999	2	9998	
20001743  	JAI ALAI	20012	20012	00020	1	9999	2	9998	
20001670  	JAVIER DE BARCAIZTEGUI	20010	20010	00020	1	9999	2	9998	
20001975  	JAVIER DE MARQUINA	20017	20017	00020	1	9999	2	9998	
20001924  	JOANA DE ALBRET	20015	20015	00020	1	9999	2	9998	
20001976  	JOLASTOKIETA	20017	20017	00020	1	9999	2	9998	
20001297  	JOSE ARANA	20001	20001	00020	1	9999	2	9998	
20002640  	JOSE GOIKOA	20018	20018	00020	1	9999	2	9998	
20001913  	JOSE MARIA BUSCA ISUSI	20015	20015	00020	1	9999	2	9998	
20001671  	JOSE MARIA SALAVERRIA	20010	20010	00020	1	9999	2	9998	
20001778  	JOSE MARIA SOROA	20013	20013	00020	1	9999	2	9998	
20001889  	JUAN AVELINO BARRIOLA AIZPURUA	20015	20015	00020	1	9999	2	9998	
20001933  	JUAN CARLOS GUERRA	20016	20016	00020	1	9999	2	9998	
20001867  	JUAN DE ANTXIETA	20015	20015	00020	1	9999	2	9998	
20001355  	JUAN DE BILBAO	20003	20003	00020	1	9999	2	9998	
20001480  	JUAN DE GARAY	20008	20008	00020	1	9999	2	9998	
20001934  	JUAN XXIII	20016	20016	00020	1	9999	2	9998	
20001593  	JUANISTEGI	20009	20009	00020	1	9999	2	9998	
20001935  	JULIANA-ENE	20016	20016	00020	1	9999	2	9998	
20001890  	JULIMASENE	20015	20015	00020	1	9999	2	9998	
20002680  	JULIO BEOBIDE	20018	20018	00020	1	9999	2	9998	
20001936  	JULIO URQUIJO	20016	20016	00020	1	9999	2	9998	
20001744  	KAPITAINENE	20012	20012	00020	1	9999	2	9998	
20002681  	KARMELE SAINT-MARTIN	20018	20018	00020	1	9999	2	9998	
20002682  	KARMELO ETXEGARAI	20018	20018	00020	1	9999	2	9998	
20001937  	KAS KARRE	20016	20016	00020	1	9999	2	9998	
20001635  	KOLDO MITXELENA PARKEA	20009	20009	00020	1	9999	2	9998	
20001595  	KONPORTA	20009	20009	00020	1	9999	2	9998	
20001536  	KONPORTA	20009	20009	00020	1	9999	2	9998	
20001356  	KONSTITUZIO	20003	20003	00020	1	9999	2	9998	
20001823  	KRISTOBALDEGI	20014	20014	00020	1	9999	2	9998	
20001745  	LACHAGA	20012	20012	00020	1	9999	2	9998	
20001824  	LANDARBASO	20014	20014	00020	1	9999	2	9998	
20001481  	LAPABIDE	20008	20008	00020	1	9999	2	9998	
20001323  	LAPURDI	20002	20002	00020	1	9999	2	9998	
20001779  	LARRAGA	20013	20013	00020	1	9999	2	9998	
20001424  	LARRAMENDI	20006	20006	00020	1	9999	2	9998	
20001825  	LARRAÑATEGUI	20014	20014	00020	1	9999	2	9998	
20001977  	LARRATXO	20017	20017	00020	1	9999	2	9998	
20001978  	LARRAUNDI	20017	20017	00020	1	9999	2	9998	
20001826  	LARREBIDE	20014	20014	00020	1	9999	2	9998	
20001357  	LASALA	20003	20003	00020	1	9999	2	9998	
20001482  	LASARMENDI	20008	20008	00020	1	9999	2	9998	
20002641  	LASARTE	20018	20018	00020	1	9999	2	9998	
20001979  	LAU AIZETA	20017	20017	00020	1	9999	2	9998	
20001596  	LAZCANO	20009	20009	00020	1	9999	2	9998	
20001597  	LAZCANOTEGUI	20009	20009	00020	1	9999	2	9998	
20001395  	LEGAZPI	20004	20004	00020	1	9999	2	9998	
20001980  	LEOSIÑETA	20017	20017	00020	1	9999	2	9998	
20001396  	LIBERTAD	20004	20004	00020	1	9999	2	9998	
20001827  	LIBORIO-ENE	20014	20014	00020	1	9999	2	9998	
20001891  	LIZARDI	20015	20015	00020	1	9999	2	9998	
20001892  	LIZARDI	20015	20015	00020	1	9999	2	9998	
20002642  	LOGROÑO	20018	20018	00020	1	9999	2	9998	
20002643  	LOISTARAIN	20018	20018	00020	1	9999	2	9998	
20001865  	LORENZO ALZATE	20015	20015	00020	1	9999	2	9998	
20001981  	LORETE	20017	20017	00020	1	9999	2	9998	
20002644  	LOUIS LUCIEN BONAPARTE	20018	20018	00020	1	9999	2	9998	
20001410  	LOYOLA	20005	20005	00020	1	9999	2	9998	
20001828  	LOYOLATARRA	20014	20014	00020	1	9999	2	9998	
20001672  	LUCA DE TENA	20010	20010	00020	1	9999	2	9998	
20002645  	LUGARIZ	20018	20018	00020	1	9999	2	9998	
20001770  	LUIS PEDRO PEÑA SANTIAGO	20013	20013	00020	1	9999	2	9998	
20001893  	LUIS PRADERA	20015	20015	00020	1	9999	2	9998	
20001894  	LUISES	20015	20015	00020	1	9999	2	9998	
20001324  	LUISES	20002	20002	00020	1	9999	2	9998	
20001705  	MADRID	20011	20011	00020	1	9999	2	9998	
20001769  	MAESTRO ARBOS	20013	20013	00020	1	9999	2	9998	
20001746  	MAESTRO ARBOS, CASA EGUZKITAN	20012	20012	00020	1	9999	2	9998	
20001483  	MAESTRO GURIDI	20008	20008	00020	1	9999	2	9998	
20001747  	MALDATXO	20012	20012	00020	1	9999	2	9998	
20001706  	MAMELENAS	20011	20011	00020	1	9999	2	9998	
20001829  	MANIXENE	20014	20014	00020	1	9999	2	9998	
20001780  	MANTEO	20013	20013	00020	1	9999	2	9998	
20001442  	MANTEROLA	20007	20007	00020	1	9999	2	9998	
20001298  	MANTXUENE	20001	20001	00020	1	9999	2	9998	
20002646  	MANUEL LARDIZABAL	20018	20018	00020	1	9999	2	9998	
20002647  	MANUEL LEKUONA	20018	20018	00020	1	9999	2	9998	
20001484  	MARABIETA	20008	20008	00020	1	9999	2	9998	
20001485  	MARBIL	20008	20008	00020	1	9999	2	9998	
20001358  	MARI	20003	20003	00020	1	9999	2	9998	
20001871  	MARIA DOLORES GOIA	20015	20015	00020	1	9999	2	9998	
20001443  	MARINA	20007	20007	00020	1	9999	2	9998	
20001781  	MARINO TABUYO	20013	20013	00020	1	9999	2	9998	
20001707  	MARINOS	20011	20011	00020	1	9999	2	9998	
20001444  	MARQUES DE MIRAFLORES	20007	20007	00020	1	9999	2	9998	
20001830  	MARRUS	20014	20014	00020	1	9999	2	9998	
20001782  	MARRUTXIPI BEHEKO	20013	20013	00020	1	9999	2	9998	
20001869  	MARTINEZ DE ITXASKUE	20015	20015	00020	1	9999	2	9998	
20001831  	MARTUTENE	20014	20014	00020	1	9999	2	9998	
20002648  	MARUGAME	20018	20018	00020	1	9999	2	9998	
20001687  	MARZELINO SOROA	20011	20011	00020	1	9999	2	9998	
20001832  	MATEO ERROTA	20014	20014	00020	1	9999	2	9998	
20001486  	MATIA	20008	20008	00020	1	9999	2	9998	
20001833  	MATXIÑENE	20014	20014	00020	1	9999	2	9998	
20002649  	MAULEON	20018	20018	00020	1	9999	2	9998	
20001866  	MAURICE RAVEL	20015	20015	00020	1	9999	2	9998	
20001359  	MAYOR	20003	20003	00020	1	9999	2	9998	
20001602  	MENDI ALAI	20009	20009	00020	1	9999	2	9998	
20001895  	MENDIOLA	20015	20015	00020	1	9999	2	9998	
20001673  	MERCADERES	20010	20010	00020	1	9999	2	9998	
20001603  	MERKEZABAL	20009	20009	00020	1	9999	2	9998	
20001870  	MIARRITZE	20015	20015	00020	1	9999	2	9998	
20001325  	MIGUEL IMAZ	20002	20002	00020	1	9999	2	9998	
20001360  	MIGUEL MUÑOA	20003	20003	00020	1	9999	2	9998	
20001799  	MIKEL GARDOKI	20013	20013	00020	1	9999	2	9998	
20001604  	MIKELETEGI	20009	20009	00020	1	9999	2	9998	
20001455  	MIKELETES	20008	20008	00020	1	9999	2	9998	
20001437  	MIRACONCHA	20007	20007	00020	1	9999	2	9998	
20001299  	MIRACRUZ	20001	20001	00020	1	9999	2	9998	
20001397  	MIRAMAR	20004	20004	00020	1	9999	2	9998	
20002683  	MIRAMON	20009	20009	00020	1	9999	2	9998	
20002650  	MIRANDA	20018	20018	00020	1	9999	2	9998	
20001300  	MISERICORDIA	20001	20001	00020	1	9999	2	9998	
20001982  	MOLINAO	20017	20017	00020	1	9999	2	9998	
20001361  	MOLLAERDIA	20003	20003	00020	1	9999	2	9998	
20001896  	MONS	20015	20015	00020	1	9999	2	9998	
20001835  	MONTE ERNIO	20014	20014	00020	1	9999	2	9998	
20001488  	MONTE IGUELDO	20008	20008	00020	1	9999	2	9998	
20001783  	MONTE ULIA	20013	20013	00020	1	9999	2	9998	
20001938  	MONTESOL	20016	20016	00020	1	9999	2	9998	
20001425  	MORAZA	20006	20006	00020	1	9999	2	9998	
20001605  	MORLANS	20009	20009	00020	1	9999	2	9998	
20001362  	MUELLE	20003	20003	00020	1	9999	2	9998	
20001748  	MUNDAIZ	20012	20012	00020	1	9999	2	9998	
20001489  	MUNIBE	20008	20008	00020	1	9999	2	9998	
20001490  	MURGIL	20008	20008	00020	1	9999	2	9998	
20001301  	NAFARROA BEHEREA	20001	20001	00020	1	9999	2	9998	
20001363  	NAGUSIA	20003	20003	00020	1	9999	2	9998	
20001364  	NARRICA	20003	20003	00020	1	9999	2	9998	
20001784  	NAVARRA	20013	20013	00020	1	9999	2	9998	
20001868  	NEMESIO OTAÑO	20015	20015	00020	1	9999	2	9998	
20001875  	NIKANOR ZABALETA	20015	20015	00020	1	9999	2	9998	
20001763  	NORTE, DEL	20012	20012	00020	1	9999	2	9998	
20001491  	NUESTRA SEÑORA DE ARANZAZU	20008	20008	00020	1	9999	2	9998	
20001897  	NUESTRA SEÑORA DEL CORO	20015	20015	00020	1	9999	2	9998	
20001855  	NUESTRA SEÑORA DEL PILAR	20014	20014	00020	1	9999	2	9998	
20001302  	NUEVA	20001	20001	00020	1	9999	2	9998	
20001334  	NUEVO	20003	20003	00020	1	9999	2	9998	
20001785  	OIARTZUN	20013	20013	00020	1	9999	2	9998	
20002651  	OIHENART	20018	20018	00020	1	9999	2	9998	
20001708  	OLAETA	20011	20011	00020	1	9999	2	9998	
20001945  	OLETA	20017	20017	00020	1	9999	2	9998	
20001939  	OLMOS	20016	20016	00020	1	9999	2	9998	
20001492  	ONDARBIDE	20008	20008	00020	1	9999	2	9998	
20001456  	ONDARRETA	20008	20008	00020	0	0	2	9998	
20002654  	ONDARRETA	20018	20018	00020	1	9999	2	9998	
20002653  	OÑATI	20018	20018	00020	1	9999	2	9998	
20001398  	OQUENDO	20004	20004	00020	1	9999	2	9998	
20001836  	OQUENDOTEGUI	20014	20014	00020	1	9999	2	9998	
20001650  	ORIAMENDI (AYETE)	20009	20009	00020	1	9999	2	9998	
20001526  	ORIO	20009	20009	00020	1	9999	2	9998	
20002655  	ORIXE	20018	20018	00020	1	9999	2	9998	
20001918  	OTXOKI	20015	20015	00020	1	9999	2	9998	
20001786  	OYARZUN	20013	20013	00020	1	9999	2	9998	
20001898  	PABLO SOROZABAL, DE	20015	20015	00020	1	9999	2	9998	
20001837  	PACHILLARDEGUI	20014	20014	00020	1	9999	2	9998	
20001856  	PADRE DONOSTI, DEL	20014	20014	00020	1	9999	2	9998	
20001303  	PADRE LARROCA	20001	20001	00020	1	9999	2	9998	
20001541  	PADRE MEAGHER, DEL	20009	20009	00020	1	9999	2	9998	
20001457  	PADRE ORCOLAGA	20008	20008	00020	1	9999	2	9998	
20001445  	PADRE VINUESA	20007	20007	00020	1	9999	2	9998	
20001493  	PALACIO	20008	20008	00020	1	53	2	9998	
20001645  	PALACIO	20009	20009	00020	55	9999	0	0	
20001494  	PAMPLONA	20008	20008	00020	1	1	2	9998	
20001674  	PARQUE COLUMNA SAGARDIA	20010	20010	00020	1	9999	2	9998	
20001749  	PARQUE DE ALCOLEA	20012	20012	00020	1	9999	2	9998	
20001675  	PARQUE DE ARABA	20010	20010	00020	1	9999	2	9998	
20001750  	PARQUE DE CRISTINA ENEA	20012	20012	00020	1	9999	2	9998	
20001608  	PARQUE DE KOLDO MITXELENA	20009	20009	00020	1	9999	2	9998	
20001899  	PARQUE DE MONTES FRANCOS	20015	20015	00020	1	9999	2	9998	
20001607  	PARQUE DE ORIO	20009	20009	00020	1	9999	2	9998	
20001606  	PARQUE DEPORTIVO BERIO	20009	20009	00020	1	9999	2	9998	
20001495  	PARQUE MIRAMAR	20008	20008	00020	1	9999	2	9998	
20001787  	PARQUE TOKI EDER	20013	20013	00020	1	9999	2	9998	
20001788  	PASAIA	20013	20013	00020	1	9999	2	9998	
20001789  	PASAJES	20013	20013	00020	1	9999	2	9998	
20001983  	PASAJES DE SAN PEDRO	20017	20017	00020	1	9999	2	9998	
20001940  	PAZ, LA	20016	20016	00020	1	9999	2	9998	
20001860  	PEDRO AXULAR	20015	20015	00020	1	9999	2	9998	
20001764  	PEDRO CORMENZANA	20012	20012	00020	1	9999	2	9998	
20001426  	PEDRO EGAÑA	20006	20006	00020	1	9999	2	9998	
20002656  	PEDRO JOSE	20018	20018	00020	1	9999	2	9998	
20001676  	PEDRO MANUEL COLLADO	20010	20010	00020	1	9999	2	9998	
20002657  	PEDRO MANUEL UGARTEMENDIA	20018	20018	00020	1	9999	2	9998	
20001458  	PEINE DE LOS VIENTOS	20008	20008	00020	1	9999	2	9998	
20001919  	PELLO MARI OTAÑO	20015	20015	00020	1	9999	2	9998	
20001326  	PEÑA Y GOÑI	20002	20002	00020	1	9999	2	9998	
20001399  	PEÑAFLORIDA	20004	20004	00020	1	9999	2	9998	
20001365  	PEROJUANCHO	20003	20003	00020	1	9999	2	9998	
20001544  	PERRATZALLE	20009	20009	00020	1	9999	2	9998	
20001366  	PESCADERIA	20003	20003	00020	1	9999	2	9998	
20001714  	PESCADORES DE TERRANOVA	20011	20011	00020	1	9999	2	9998	
20001715  	PESCADORES DEL GRAN SOL	20011	20011	00020	1	9999	2	9998	
20002671  	PILOTEGUI	20018	20018	00020	1	9999	2	9998	
20001304  	PINARES	20001	20001	00020	1	9999	2	9998	
20001611  	PINOS	20009	20009	00020	1	9999	2	9998	
20001496  	PIO BAROJA	20008	20008	00020	1	9999	2	9998	
20001681  	PIO XII	20010	20010	00020	1	9999	2	9998	
20001718  	PIO XII (ESCUELAS E INSTITUTOS)	20011	20011	00020	1	9999	2	9998	
20001838  	PLAZABURU	20014	20014	00020	1	9999	2	9998	
20002672  	PLYMOUTH	20018	20018	00020	1	9999	2	9998	
20001661  	PODAVINES	20010	20010	00020	1	9999	2	9998	
20002673  	POKOPANDEGI	20018	20018	00020	1	9999	2	9998	
20001613  	POLIGONO CULTURAL DE IBAETA	20009	20009	00020	1	9999	2	9998	
20001839  	POLIGONOS INDUSTRIALES	20014	20014	00020	1	9999	2	9998	
20001497  	PORTUENE	20008	20008	00020	1	9999	2	9998	
20002684  	PORTUETXE	20018	20018	00020	1	9999	2	9998	
20001665  	PORTUTXO	20010	20010	00020	1	9999	2	9998	
20001709  	PREBOSTES	20011	20011	00020	1	9999	2	9998	
20001434  	PRIM	20006	20006	00020	1	9999	2	9998	
20001498  	PUEBLO IGUELDO	20008	20008	00020	1	9999	2	9998	
20001367  	PUERTO	20003	20003	00020	1	9999	2	9998	
20001615  	PUIO	20009	20009	00020	1	9999	2	9998	
20001984  	PUTZUETA	20017	20017	00020	1	9999	2	9998	
20001316  	RAMON MARIA LILI	20002	20002	00020	1	9999	2	9998	
20001327  	RAMON Y CAJAL	20002	20002	00020	1	9999	2	9998	
20001695  	REAL COMPAÑIA GUIPUZCOANA DE CARACAS	20011	20011	00020	1	9999	2	9998	
20001368  	REINA REGENTE	20003	20003	00020	1	9999	2	9998	
20002685  	REKALDE	20018	20018	00020	1	9999	2	9998	
20002674  	RENO	20018	20018	00020	1	9999	2	9998	
20001790  	RENTERIA	20013	20013	00020	1	9999	2	9998	
20001384  	REPUBLICA ARGENTINA	20004	20004	00020	1	9999	2	9998	
20001840  	RESIDENCIA SANITARIA	20014	20014	00020	1	9999	2	9998	
20002658  	RESURRECCION MARIA DE AZKUE	20018	20018	00020	1	9999	2	9998	
20001427  	REYES CATOLICOS	20006	20006	00020	1	9999	2	9998	
20001694  	RIKARDO IZAGIRRE	20011	20011	00020	1	9999	2	9998	
20001751  	RIO BIDASOA	20012	20012	00020	1	9999	2	9998	
20001752  	RIO DEVA	20012	20012	00020	1	9999	2	9998	
20001753  	RIO OYARZUN	20012	20012	00020	1	9999	2	9998	
20001791  	RODIL	20013	20013	00020	1	9999	2	9998	
20001305  	RONDA	20001	20001	00020	1	9999	2	9998	
20001841  	SABENE	20014	20014	00020	1	9999	2	9998	
20001923  	SAGASTIEDER	20015	20015	00020	1	9999	2	9998	
20002659  	SAGASTIZAR	20018	20018	00020	1	9999	2	9998	
20001677  	SAGRADA FAMILIA	20010	20010	00020	1	9999	2	9998	
20001335  	SALAMANCA	20003	20003	00020	1	9999	2	9998	
20001428  	SALUD	20006	20006	00020	1	9999	2	9998	
20001941  	SAN ANTONIO	20016	20016	00020	1	9999	2	9998	
20001993  	SAN ANTONIO	20017	20017	00020	1	9999	2	9998	
20001446  	SAN BARTOLOME	20007	20007	00020	1	9999	2	9998	
20001447  	SAN BARTOLOME	20007	20007	00020	1	9999	2	9998	
20001792  	SAN BLAS	20013	20013	00020	1	9999	2	9998	
20001754  	SAN CRISTOBAL	20012	20012	00020	1	9999	2	9998	
20001306  	SAN FRANCISCO	20001	20001	00020	1	5	2	22	
20001328  	SAN FRANCISCO	20002	20002	00020	7	9999	24	9998	
20001755  	SAN FRANCISCO JAVIER	20012	20012	00020	1	9999	2	9998	
20001946  	SAN IGNACIO	20017	20017	00020	1	9999	2	9998	
20001369  	SAN JERONIMO	20003	20003	00020	1	9999	2	9998	
20001370  	SAN JUAN	20003	20003	00020	1	9999	2	9998	
20001616  	SAN JUAN DE DIOS	20009	20009	00020	1	9999	2	9998	
20001371  	SAN LORENZO	20003	20003	00020	1	9999	2	9998	
20001985  	SAN LUIS GONZAGA	20017	20017	00020	1	9999	2	9998	
20001411  	SAN MARCIAL	20005	20005	00020	1	9999	2	9998	
20001994  	SAN MARCIAL	20017	20017	00020	1	9999	2	9998	
20001986  	SAN MARCOS	20017	20017	00020	1	9999	2	9998	
20001412  	SAN MARTIN	20005	20005	00020	1	39	2	48	
20001448  	SAN MARTIN	20007	20007	00020	41	9999	50	9998	
20001414  	SAN MARTIN, DE	20005	20005	00020	1	9999	2	9998	
20001617  	SAN ROQUE	20009	20009	00020	1	9999	2	9998	
20001372  	SAN VICENTE	20003	20003	00020	1	9999	2	9998	
20001429  	SANCHEZ TOCA	20006	20006	00020	1	9999	2	9998	
20001678  	SANCHO EL SABIO	20010	20010	00020	1	9999	2	9998	
20001660  	SANSERREKA	20009	20009	00020	1	9999	2	9998	
20001499  	SANSUSTENE	20008	20008	00020	1	9999	2	9998	
20001987  	SANTA BARBARA	20017	20017	00020	1	9999	2	9998	
20001400  	SANTA CATALINA	20004	20004	00020	1	9999	2	9998	
20001373  	SANTA CORDA	20003	20003	00020	1	9999	2	9998	
20001688  	SANTESTEBAN MUSIKARIAREN	20011	20011	00020	1	9999	2	9998	
20001689  	SANTIAGO	20011	20011	00020	1	9999	2	9998	
20001337  	SARRIEGUI	20003	20003	00020	1	9999	2	9998	
20001842  	SARROETA	20014	20014	00020	1	9999	2	9998	
20001988  	SASUATEGI	20017	20017	00020	1	9999	2	9998	
20001500  	SATRUSTEGUI	20008	20008	00020	1	9999	2	9998	
20001679  	SAUCE	20010	20010	00020	1	9999	2	9998	
20001307  	SECUNDINO ESNAOLA	20001	20001	00020	1	9999	2	9998	
20001308  	SEGUNDO ISPIZUA	20001	20001	00020	1	9999	2	9998	
20001942  	SERAPIO MUGICA	20016	20016	00020	1	9999	2	9998	
20001501  	SERRANO ANGUITA	20008	20008	00020	1	9999	2	9998	
20001864  	SIBILIA	20015	20015	00020	1	9999	2	9998	
20001843  	SIERRA DE ALOÑA	20014	20014	00020	1	9999	2	9998	
20001844  	SIERRA DE ARALAR	20014	20014	00020	1	9999	2	9998	
20001845  	SIERRA DE URBASA	20014	20014	00020	1	9999	2	9998	
20002660  	SIMONA DE LAJUST	20018	20018	00020	1	9999	2	9998	
20001917  	SIUSTEGIKO PARKEA	20015	20015	00020	1	9999	2	9998	
20001717  	SOLDADOS	20011	20011	00020	1	9999	2	9998	
20001374  	SORALUCE	20003	20003	00020	1	9999	2	9998	
20001502  	SUQUIA	20008	20008	00020	1	9999	2	9998	
20001618  	SUSTRAIARTE	20009	20009	00020	1	9999	2	9998	
20001756  	TEJERIA	20012	20012	00020	1	9999	2	9998	
20001863  	TELESFORO ARANZADI	20015	20015	00020	1	9999	2	9998	
20001989  	TENIENTE CORONEL LOS ARCOS	20017	20017	00020	1	9999	2	9998	
20001793  	TOKI EDER	20013	20013	00020	1	9999	2	9998	
20001757  	TOLAREGOIA	20012	20012	00020	1	9999	2	9998	
20001794  	TOLARIETA	20013	20013	00020	1	9999	2	9998	
20002661  	TOLOSA	20018	20018	00020	1	9999	2	9998	
20001309  	TOMAS GROS	20001	20001	00020	1	9999	2	9998	
20002662  	TONTORGOXO	20018	20018	00020	1	9999	2	9998	
20001693  	TORIBIO ALZAGA	20011	20011	00020	1	9999	2	9998	
20001846  	TRANVIA	20014	20014	00020	1	9999	2	9998	
20001375  	TREINTA Y UNO DE AGOSTO	20003	20003	00020	1	9999	2	9998	
20002663  	TRENTO	20018	20018	00020	1	9999	2	9998	
20001378  	TRINIDAD	20003	20003	00020	1	9999	2	9998	
20001449  	TRIUNFO	20007	20007	00020	1	9999	2	9998	
20001310  	TRUEBA	20001	20001	00020	1	9999	2	9998	
20001921  	TTURKOENE	20015	20015	00020	1	9999	2	9998	
20001503  	TXALIN	20008	20008	00020	1	9999	2	9998	
20002587  	TXALUPAGIÑENE	20008	20008	00020	1	9999	2	9998	
20002664  	TXAPALDEGI	20018	20018	00020	1	9999	2	9998	
20001900  	TXAPARRENE	20015	20015	00020	1	9999	2	9998	
20001943  	TXAPIN ENE	20016	20016	00020	1	9999	2	9998	
20001901  	TXIBILI	20015	20015	00020	1	9999	2	9998	
20001621  	TXIKI AÑORGA	20009	20009	00020	1	9999	2	9998	
20001504  	TXIMISTARRI	20008	20008	00020	1	9999	2	9998	
20001990  	TXINGURRI	20017	20017	00020	1	9999	2	9998	
20001991  	TXURDIÑENE	20017	20017	00020	1	9999	2	9998	
20001847  	UBA	20014	20014	00020	1	9999	2	9998	
20001862  	UBAKO ANDRE MARIAREN	20015	20015	00020	1	9999	2	9998	
20001848  	UBARBURU	20014	20014	00020	1	9999	2	9998	
20001795  	ULIA	20013	20013	00020	1	9999	2	9998	
20001690  	UNTZIOLA	20011	20011	00020	1	9999	2	9998	
20001505  	UNZAENE	20008	20008	00020	1	9999	2	9998	
20001758  	UR ZALEAK	20012	20012	00020	1	9999	2	9998	
20001849  	URBIA	20014	20014	00020	1	9999	2	9998	
20001430  	URBIETA	20006	20006	00020	1	9999	2	9998	
20001431  	URDANETA	20006	20006	00020	1	9999	2	9998	
20002665  	URNIETA	20018	20018	00020	1	9999	2	9998	
20001622  	URRETXU	20009	20009	00020	1	9999	2	9998	
20001850  	URUMEA	20014	20014	00020	1	9999	2	9998	
20001329  	USANDIZAGA	20002	20002	00020	1	9999	2	9998	
20002666  	USURBIL	20018	20018	00020	1	9999	2	9998	
20001874  	VALENCIA	20015	20015	00020	1	9999	2	9998	
20001432  	VALENTIN OLANO	20006	20006	00020	1	9999	2	9998	
20001311  	VASCONIA	20001	20001	00020	1	9999	2	9998	
20001506  	VENTA BERRI	20008	20008	00020	1	9999	2	9998	
20001413  	VERGARA	20005	20005	00020	1	9999	2	9998	
20001507  	VIRGEN DE ARANZAZU	20008	20008	00020	1	9999	2	9998	
20001759  	VIRGEN DE LA ESTRELLA	20012	20012	00020	1	9999	2	9998	
20001762  	VIRGEN DEL CARMEN	20012	20012	00020	1	9999	2	9998	
20001376  	VIRGEN DEL CORO	20003	20003	00020	1	9999	2	9998	
20001314  	VITERI	20001	20001	00020	1	9999	2	9998	
20002667  	VITORIA-GASTEIZ	20018	20018	00020	1	9999	2	9998	
20001683  	VIZCAYA	20010	20010	00020	1	9999	2	9998	
20001514  	WIESBADEN	20008	20008	00020	1	9999	2	9998	
20001438  	XABIER ZUBIRI	20007	20007	00020	1	9999	2	9998	
20002668  	XABIER-LIZARDI	20018	20018	00020	1	9999	2	9998	
20001530  	XALBADOR BERTSOLARIAREN	20009	20009	00020	1	9999	2	9998	
20001330  	ZABALETA	20002	20002	00020	1	9999	2	9998	
20001902  	ZANDARDEGI	20015	20015	00020	1	9999	2	9998	
20001623  	ZAPATARI	20009	20009	00020	1	9999	2	9998	
20001452  	ZARAGOZA	20007	20007	00020	1	9999	2	9998	
20001796  	ZARATEGUI	20013	20013	00020	1	39	2	26	
20001903  	ZARATEGUI	20015	20015	00020	41	9999	28	9998	
20002669  	ZARAUTZ	20018	20018	00020	1	9999	2	9998	
20001657  	ZARAUTZ	20009	20009	00020	1	9999	2	9998	
20001797  	ZEMORIYA	20013	20013	00020	1	9999	2	9998	
20001992  	ZILARGIÑENE	20017	20017	00020	1	9999	2	9998	
20001686  	ZORROAGA	20011	20011	00020	1	9999	2	9998	
20001680  	ZUAZNABAR	20010	20010	00020	1	9999	2	9998	
20001312  	ZUBEROA	20001	20001	00020	1	9999	2	9998	
20001798  	ZUBIAURRE	20013	20013	00020	1	29	2	30	
20001904  	ZUBIAURRE	20015	20015	00020	31	9999	32	9998	
20002670  	ZUBIBERRI	20018	20018	00020	1	9999	2	9998	
20001450  	ZUBIETA	20007	20007	00020	1	9999	2	9998	
20001451  	ZUBIETA	20007	20007	00020	1	9999	2	9998	
20001851  	ZUBIONDO	20014	20014	00020	1	9999	2	9998	
20001377  	ZULOAGA	20003	20003	00020	1	9999	2	9998	
20001508  	ZUMALACARREGUI	20008	20008	00020	1	9999	2	9998	
20001331  	ZURRIOLA	20002	20002	00020	1	9999	2	9998	
20001852  	ZUZENENE	20014	20014	00020	1	9999	2	9998	
20002115  	 CODIGO APARTADOS PARTICULARES, OFICIALES Y LISTA	20300	20300	00020	0	0	0	0	
20002116  	 CODIGO CORRESPONDENCIA OFICIAL CORREOS-TELEGRAFOS	20300	20300	00020	0	0	0	0	
20002250  	ADUANA	20303	20303	00020	1	9999	2	9998	
20002411  	AGINA	20305	20305	00020	1	9999	2	9998	
20002129  	AGUERRE	20301	20301	00020	1	9999	2	9998	
20002130  	AIAKO HARRIA	20301	20301	00020	1	9999	2	9998	
20002321  	AIXIN ZOLUA	20304	20304	00020	1	9999	2	9998	
20002253  	ALARDE	20303	20303	00020	1	9999	2	9998	
20002195  	ALBERTO LARZABAL	20302	20302	00020	0	0	2	4	
20002251  	ALBERTO LARZABAL	20303	20303	00020	1	9999	6	9998	
20002462  	ALCALDIA DE SACAS	20305	20305	00020	1	9999	2	9998	
20002132  	ALDABE MENDIA	20301	20301	00020	1	9999	2	9998	
20002594  	ALDAPARO	20305	20305	00020	1	9999	2	9998	
20002196  	ALDAPETA	20302	20302	00020	1	9999	2	9998	
20002254  	ALEI	20303	20303	00020	1	9999	2	9998	
20002197  	ALFONSO MORALES	20302	20302	00020	1	9999	2	9998	
20002256  	ALHONDIGA	20303	20303	00020	1	9999	2	9998	
20002200  	ALMIRANTE ARITMENDI	20302	20302	00020	1	9999	2	9998	
20002355  	ALMIRANTE PEREZ PORTU	20304	20304	00020	1	9999	2	9998	
20002255  	ALONDEGIA	20303	20303	00020	1	9999	2	9998	
20002324  	ALZUKAITZ	20304	20304	00020	1	9999	2	9998	
20002325  	AMA BIRJINA MIRARIETAKOAREN	20304	20304	00020	1	9999	2	9998	
20002134  	ANACA JAIZUBIA BIDEA	20301	20301	00020	1	9999	2	9998	
20002387  	ANDREARRIAGA	20305	20305	00020	1	9999	2	9998	
20002605  	ANTOINE D'ABADIE	20303	20303	00020	1	9999	2	9998	
20002198  	ANTONIO VIGLIONE	20302	20302	00020	1	9999	2	9998	
20002135  	ANTZARAN	20301	20301	00020	1	9999	2	9998	
20002412  	ARABA	20305	20305	00020	1	9999	2	9998	
20002186  	ARANA	20302	20302	00020	1	9999	2	9998	
20002404  	ARANIBAR	20305	20305	00020	1	9999	2	9998	
20002327  	ARANTZATEKO JAUNA	20304	20304	00020	1	9999	2	9998	
20002328  	ARBELAIZ	20304	20304	00020	1	9999	2	9998	
20002329  	ARBESKO-ERROTA	20304	20304	00020	1	9999	2	9998	
20002413  	ARBIUN	20305	20305	00020	1	9999	2	9998	
20002187  	ARGENTINAR ERREPUBLIKA	20302	20302	00020	1	9999	2	9998	
20002238  	ARIZMENDI ALMIRANTEA	20302	20302	00020	1	9999	2	9998	
20002257  	ARKALE	20303	20303	00020	1	9999	2	9998	
20002258  	ARMAGILEEN	20303	20303	00020	1	9999	2	9998	
20002259  	ARMEROS	20303	20303	00020	1	9999	2	9998	
20002260  	ARTALEKU	20303	20303	00020	1	9999	2	9998	
20002389  	ARTIGA	20305	20305	00020	1	9999	2	9998	
20002603  	ARTIGAKO HARITZA	20303	20303	00020	1	9999	2	9998	
20002261  	ARTURO CAMPION	20303	20303	00020	1	9999	2	9998	
20002388  	ASTIGARRA	20305	20305	00020	1	9999	2	9998	
20002330  	AURELIANO GALLANO	20304	20304	00020	1	9999	2	9998	
20002202  	AURELIANO LOPEZ DE BECERRA	20302	20302	00020	1	9999	2	9998	
20002386  	AUZOA BIDASOA	20305	20305	00020	1	9999	2	9998	
20002262  	AUZOLAN	20303	20303	00020	1	9999	2	9998	
20002263  	BALENDIN ANAIA	20303	20303	00020	1	9999	2	9998	
20002264  	BALEZALEEN	20303	20303	00020	1	9999	2	9998	
20002265  	BALLENEROS	20303	20303	00020	1	9999	2	9998	
20002284  	BARRIO DE LAPICE	20303	20303	00020	1	9999	2	9998	
20002399  	BARRIO DE MEAKA	20305	20305	00020	1	9999	2	9998	
20002432  	BARRIO DE VENTAS	20305	20305	00020	1	9999	2	9998	
20002136  	BARTOLOME DE URDINSO	20301	20301	00020	1	9999	2	9998	
20002137  	BASKOI	20301	20301	00020	1	9999	2	9998	
20002395  	BEHOBIA	20305	20305	00020	0	0	0	0	
20002414  	BEHOBIA AUZOA	20305	20305	00020	1	9999	2	9998	
20002266  	BELITZ	20303	20303	00020	1	9999	2	9998	
20002138  	BERA	20301	20301	00020	1	9999	2	9998	
20002331  	BEREKETA	20304	20304	00020	1	9999	2	9998	
20002332  	BERGARETXE JENERALA	20304	20304	00020	1	9999	2	9998	
20002267  	BERIO	20303	20303	00020	1	9999	2	9998	
20002415  	BERROETA PINTOREA	20305	20305	00020	1	9999	2	9998	
20002203  	BERROTARAN	20302	20302	00020	1	9999	2	9998	
20002312  	BIDASOA	20304	20304	00020	1	9999	2	9998	
20002140  	BIRIATU	20301	20301	00020	1	9999	2	9998	
20002204  	BITERI	20302	20302	00020	1	9999	2	9998	
20002417  	BIZKAIA	20305	20305	00020	1	9999	2	9998	
20002390  	BLAIA	20305	20305	00020	1	9999	2	9998	
20002141  	BLAS DE LEZO	20301	20301	00020	1	9999	2	9998	
20002597  	BOLUETA	20305	20305	00020	1	9999	2	9998	
20002418  	BURNIOLA	20305	20305	00020	1	9999	2	9998	
20002334  	CASTO CANTERO	20304	20304	00020	1	9999	2	9998	
20002419  	CESAR FIGUERIDO	20305	20305	00020	1	9999	2	9998	
20002205  	CIPRIANO LARRAÑAGA	20302	20302	00020	1	9999	2	9998	
20002227  	COLON	20302	20302	00020	3	27	2	30	
20002122  	COLON	20301	20301	00020	29	9999	32	9998	
20002604  	COMETE SAREA	20303	20303	00020	1	9999	2	9998	
20002268  	COMPOSTELA	20303	20303	00020	1	9999	2	9998	
20002346  	CONTRACALLE	20304	20304	00020	1	9999	2	9998	
20002280  	CURTIDORES	20303	20303	00020	1	9999	2	9998	
20002463  	DARIO DE REGOYOS	20305	20305	00020	1	9999	2	9998	
20002269  	DESCARGA	20303	20303	00020	1	9999	2	9998	
20002270  	DIANA	20303	20303	00020	1	9999	2	9998	
20002142  	DONOSTIA	20301	20301	00020	1	9999	2	9998	
20002335  	DUMBOA	20304	20304	00020	1	9999	2	9998	
20002300  	E. PEDROS ALARDEKO JENERALA	20303	20303	00020	1	9999	2	9998	
20002336  	EGUZKITZA	20304	20304	00020	1	9999	2	9998	
20002337  	EGUZKITZALDEA	20304	20304	00020	1	9999	2	9998	
20002591  	EIHERA	20305	20305	00020	1	9999	2	9998	
20002338  	ELATZETA	20304	20304	00020	1	9999	2	9998	
20002233  	ELIZA	20302	20302	00020	1	9999	2	9998	
20002247  	ELIZATXO	20303	20303	00020	1	9999	2	9998	
20002206  	ELKANO	20302	20302	00020	1	9999	2	9998	
20002207  	ELOY IGLESIAS	20302	20302	00020	1	9999	2	9998	
20002440  	EMBAJADOR PEDRO DE ARISTEGUI	20305	20305	00020	1	9999	2	9998	
20002144  	EMBIDO	20301	20301	00020	1	9999	2	9998	
20002228  	EMILIO NAVAS PARKEA	20302	20302	00020	1	9999	2	9998	
20002271  	ENDARA	20303	20303	00020	1	9999	2	9998	
20002454  	ENDARLAZA	20305	20305	00020	1	9999	2	9998	
20002339  	ENKANTIA	20304	20304	00020	1	9999	2	9998	
20002225  	ENSANCHE	20302	20302	00020	1	9999	2	9998	
20002340  	ERLAITZ	20304	20304	00020	1	9999	2	9998	
20002376  	ERMITA	20304	20304	00020	1	9999	2	9998	
20002145  	ERRENTERIA	20301	20301	00020	1	9999	2	9998	
20002420  	ERROIARRI	20305	20305	00020	1	9999	2	9998	
20002313  	ERRONES	20304	20304	00020	1	9999	2	9998	
20002421  	ERROTA	20305	20305	00020	1	9999	2	9998	
20002422  	ERROTABERRI	20305	20305	00020	1	9999	2	9998	
20002455  	ERROTAUNDI	20305	20305	00020	1	9999	2	9998	
20002423  	ERROTAZAR	20305	20305	00020	1	9999	2	9998	
20002230  	ESCUELAS	20302	20302	00020	1	9999	2	9998	
20002229  	ESKOLA	20302	20302	00020	1	9999	2	9998	
20002150  	ESTACION	20301	20301	00020	1	9999	2	9998	
20002341  	ESTEBAN PEREZ DE YEROBI	20304	20304	00020	1	9999	2	9998	
20002302  	ESUSKAL-HERRIA	20303	20303	00020	1	9999	2	9998	
20002407  	EUROPA	20305	20305	00020	1	9999	2	9998	
20002391  	EUSKADI	20305	20305	00020	1	9999	2	9998	
20002464  	EZKIA	20305	20305	00020	1	9999	2	9998	
20002176  	FABIOLA ERREGINA	20301	20301	00020	1	9999	2	9998	
20002272  	FAGINA	20303	20303	00020	1	9999	2	9998	
20002208  	FERMIN CALBETON	20302	20302	00020	1	9999	2	9998	
20002178  	FERNANDO ERREGEA	20301	20301	00020	1	9999	2	9998	
20002288  	FERRONES	20303	20303	00020	1	9999	2	9998	
20002424  	FLORENCIO IRATXETA QUILE	20305	20305	00020	1	9999	2	9998	
20002231  	FORUEN	20302	20302	00020	1	9999	2	9998	
20002209  	FRANCISCO DE GAINZA	20302	20302	00020	1	9999	2	9998	
20002273  	FRAY JUAN DE ZIGARROA	20303	20303	00020	1	9999	2	9998	
20002311  	FREYRE JENERALA	20303	20303	00020	1	9999	2	9998	
20002128  	FUENTERRABIA	20301	20301	00020	1	9999	2	9998	
20002232  	FUEROS	20302	20302	00020	1	9999	2	9998	
20002304  	GABARRARI	20303	20303	00020	1	9999	2	9998	
20002425  	GABIRIA	20305	20305	00020	1	9999	2	9998	
20002598  	GARAIAR	20305	20305	00020	1	9999	2	9998	
20002147  	GASKOI	20301	20301	00020	1	9999	2	9998	
20002148  	GAZTAINONDO	20301	20301	00020	1	9999	2	9998	
20002456  	GAZTELUZAHAR	20305	20305	00020	1	9999	2	9998	
20002426  	GEBARA	20305	20305	00020	1	9999	2	9998	
20002149  	GELTOKIKO	20301	20301	00020	1	9999	2	9998	
20002333  	GENERAL BERGARECHE	20304	20304	00020	1	9999	2	9998	
20002301  	GENERAL EUSEBIO PEDROS	20303	20303	00020	1	9999	2	9998	
20002303  	GENERAL FREYRE	20303	20303	00020	1	9999	2	9998	
20002193  	GENERAL TELLECHEA	20302	20302	00020	1	9999	2	9998	
20002323  	GERNIKAKO ARBOLA PARKEA	20304	20304	00020	1	9999	2	9998	
20002235  	GIPUZKOA	20302	20302	00020	1	9999	2	9998	
20002123  	GIPUZKOA	20301	20301	00020	1	9999	2	9998	
20002305  	GOBARAGINEN	20303	20303	00020	1	9999	2	9998	
20002592  	GOIBERROTA	20305	20305	00020	1	9999	2	9998	
20002180  	GOROSTI	20301	20301	00020	1	9999	2	9998	
20002457  	GOROSTIAGA	20305	20305	00020	1	9999	2	9998	
20002194  	GUDARI	20302	20302	00020	1	9999	2	9998	
20002236  	GUDARIEN	20302	20302	00020	1	9999	2	9998	
20002595  	HAIZEOLA	20305	20305	00020	1	9999	2	9998	
20002182  	HALTZA	20301	20301	00020	1	9999	2	9998	
20002124  	HARITZA	20301	20301	00020	1	9999	2	9998	
20002409  	HARMUGARRIETA	20305	20305	00020	1	9999	2	9998	
20002410  	HARROBIETA	20305	20305	00020	1	9999	2	9998	
20002125  	HENDAIA	20301	20301	00020	1	9999	2	9998	
20002308  	HILANDERAS	20303	20303	00020	1	9999	2	9998	
20002126  	HIRUMUGARRIETA	20301	20301	00020	1	9999	2	9998	
20002127  	HONDARRIBIA	20301	20301	00020	1	9999	2	9998	
20002248  	HOSPITAL SANTA MARGARITA	20303	20303	00020	1	9999	2	9998	
20002377  	IBAIETA	20304	20304	00020	1	9999	2	9998	
20002458  	IBARROLA	20305	20305	00020	1	9999	2	9998	
20002234  	IGLESIA	20302	20302	00020	1	9999	2	9998	
20002201  	IGNACIO ZULOAGA	20302	20302	00020	1	9999	2	9998	
20002151  	INFANTA EULALIA	20301	20301	00020	1	9999	2	9998	
20002274  	IÑIGO LOIOLA	20303	20303	00020	1	9999	2	9998	
20002237  	IPARRALDE	20302	20302	00020	1	9999	2	9998	
20002427  	IPARTXIKI	20305	20305	00020	1	9999	2	9998	
20002385  	IPURUA	20305	20305	00020	1	9999	2	9998	
20002307  	IRULEEN	20303	20303	00020	1	9999	2	9998	
20002406  	IRURZUNZAR	20305	20305	00020	1	9999	2	9998	
20002119  	ISABEL ERREGINA	20301	20301	00020	1	9999	2	9998	
20002314  	ISTILLAGA	20304	20304	00020	1	9999	2	9998	
20002593  	ITSASAUNDI	20305	20305	00020	1	9999	2	9998	
20002342  	IZAGA	20304	20304	00020	1	9999	2	9998	
20002152  	JACOBO ARBELAITZ	20301	20301	00020	1	9999	2	9998	
20002153  	JAIZKIBEL	20301	20301	00020	1	9999	2	9998	
20002393  	JAIZKIBEL	20305	20305	00020	1	9999	2	9998	
20002459  	JAIZUBIA	20305	20305	00020	1	9999	2	9998	
20002183  	JAVIER ESTEBAN INDART	20301	20301	00020	1	9999	2	9998	
20002184  	JENARO ETXENDIA	20302	20302	00020	1	9999	2	9998	
20002343  	JESUS	20304	20304	00020	1	9999	2	9998	
20002210  	JOAQUIN GAMON	20302	20302	00020	1	9999	2	9998	
20002275  	JOLO	20303	20303	00020	1	9999	2	9998	
20002276  	JOSE ALKAIN	20303	20303	00020	1	9999	2	9998	
20002211  	JOSE EGUINO	20302	20302	00020	1	9999	2	9998	
20002344  	JOSE JOAQUIN TADEO MURGIA	20304	20304	00020	1	9999	2	9998	
20002252  	JOSE MANUEL ESTOMBA PARKEA	20303	20303	00020	1	9999	2	9998	
20002428  	JOSE MARÍA FRANCO	20305	20305	00020	1	9999	2	9998	
20002429  	JOSE MARÍA IPARRAGUIRRE	20305	20305	00020	1	9999	2	9998	
20002212  	JOSE RAMON AGUIRRETXE	20302	20302	00020	1	9999	2	9998	
20002213  	JUAN ARANA	20302	20302	00020	1	9999	2	9998	
20002154  	JUAN BASURCO	20301	20301	00020	1	9999	2	9998	
20002214  	JUAN DE ALBISU	20302	20302	00020	1	9999	2	9998	
20002277  	JUAN PEREZ DE AZKUE	20303	20303	00020	1	9999	2	9998	
20002430  	JUAN THALAMAS LABANDIBAR	20305	20305	00020	1	9999	2	9998	
20002181  	JULIAN GAYARRE	20301	20301	00020	1	9999	2	9998	
20002606  	JULIO CARO BAROJA	20303	20303	00020	1	9999	2	9998	
20002188  	JULIO ORTEGA CORONELA	20302	20302	00020	1	9999	2	9998	
20002378  	JUNKAL	20304	20304	00020	1	9999	2	9998	
20002379  	JUNKAL	20304	20304	00020	1	9999	2	9998	
20002400  	KAROBIAGA	20305	20305	00020	1	9999	2	9998	
20002396  	KASKOTEGI	20305	20305	00020	1	9999	2	9998	
20002431  	KATEA AUZOA	20305	20305	00020	1	9999	2	9998	
20002397  	KISULABE	20305	20305	00020	1	9999	2	9998	
20002345  	KONTRAKALEA	20304	20304	00020	1	9999	2	9998	
20002380  	KORROKOITZ	20304	20304	00020	1	9999	2	9998	
20002317  	KOSTORBE ALDE	20304	20304	00020	1	9999	2	9998	
20002401  	LABELTZE	20305	20305	00020	1	9999	2	9998	
20002309  	LAPITZE	20303	20303	00020	1	9999	2	9998	
20002241  	LAPITZE AUZOA	20303	20303	00020	1	9999	2	9998	
20002433  	LAPURDI	20305	20305	00020	1	9999	2	9998	
20002278  	LARREAUNDI	20303	20303	00020	1	9999	2	9998	
20002381  	LARRETXIPI	20304	20304	00020	1	9999	2	9998	
20002279  	LARRUGINEN	20303	20303	00020	1	9999	2	9998	
20002434  	LASTAOLA POSTETXEAREN	20305	20305	00020	1	9999	2	9998	
20002306  	LAVANDERAS	20303	20303	00020	1	9999	2	9998	
20002281  	LEANDRO SOTO	20303	20303	00020	1	9999	2	9998	
20002347  	LEGAZPI	20304	20304	00020	1	9999	2	9998	
20002185  	LEGUIA	20302	20302	00020	1	9999	2	9998	
20002155  	LEKAENEA	20301	20301	00020	1	9999	2	9998	
20002435  	LEKUONA MISIOLARIA	20305	20305	00020	1	9999	2	9998	
20002348  	LEON IRURETAGOIENA	20304	20304	00020	1	9999	2	9998	
20002117  	LEPANTO	20301	20301	00020	1	9999	2	9998	
20002405  	LERXUNA	20305	20305	00020	1	9999	2	9998	
20002118  	LESAKA	20301	20301	00020	1	9999	2	9998	
20002460  	LETXUMBORRO	20305	20305	00020	1	9999	2	9998	
20002157  	LEZO	20301	20301	00020	1	9999	2	9998	
20002436  	LIZARRA	20305	20305	00020	1	9999	2	9998	
20002158  	LOPE DE IRIGOYEN	20301	20301	00020	1	9999	2	9998	
20002282  	LOPE DE PRIMAUT	20303	20303	00020	1	9999	2	9998	
20002159  	LUCAS DE BERROA	20301	20301	00020	1	9999	2	9998	
20002160  	LUIS DE URANZU	20301	20301	00020	1	9999	2	9998	
20002392  	LUIS MARIA TOLOSA	20305	20305	00020	1	9999	2	9998	
20002215  	LUIS MARIANO	20302	20302	00020	1	9999	2	9998	
20002601  	MAIATZAREN LEHENA	20303	20303	00020	1	9999	2	9998	
20002349  	MANUEL AZNAR EMBAJADOREA	20304	20304	00020	1	9999	2	9998	
20002437  	MARIA JUNCAL LABANDIBAR	20305	20305	00020	1	9999	2	9998	
20002283  	MARINELEN	20303	20303	00020	1	9999	2	9998	
20002382  	MAYOR	20304	20304	00020	1	9999	2	9998	
20002398  	MEAKA AUZOA	20305	20305	00020	1	9999	2	9998	
20002242  	MEATZARIEN	20303	20303	00020	1	9999	2	9998	
20002318  	MEATZURI	20304	20304	00020	1	9999	2	9998	
20002216  	MENDIBIL	20302	20302	00020	1	9999	2	9998	
20002243  	MIGUEL DE AMBULODI	20303	20303	00020	1	9999	2	9998	
20002189  	MIGUEL DE ASTIGAR	20302	20302	00020	1	9999	2	9998	
20002156  	MISIONERO LECUONA	20301	20301	00020	1	9999	2	9998	
20002239  	MOLINO, DEL	20303	20303	00020	1	9999	2	9998	
20002133  	MONTE ALDABE	20301	20301	00020	1	9999	2	9998	
20002244  	MOSKETEROEN	20303	20303	00020	1	9999	2	9998	
20002245  	MOSQUETEROS	20303	20303	00020	1	9999	2	9998	
20002190  	MOURLANE MITXELENA	20302	20302	00020	1	9999	2	9998	
20002246  	MUINOA	20303	20303	00020	1	9999	2	9998	
20002161  	MUNNOGAINA	20301	20301	00020	1	9999	2	9998	
20002383  	NAGUSIA	20304	20304	00020	1	9999	2	9998	
20002316  	NAVARRA	20304	20304	00020	0	0	2	9998	
20002192  	NAVARRA	20302	20302	00020	1	9999	0	0	
20002240  	NAVEGANTES	20303	20303	00020	1	9999	2	9998	
20002285  	NEKAZARI	20303	20303	00020	1	9999	2	9998	
20002162  	OIARTZUN	20301	20301	00020	1	9999	2	9998	
20002438  	OILAKINETA	20305	20305	00020	1	9999	2	9998	
20002286  	OLABERRIA AUZOA	20303	20303	00020	1	9999	2	9998	
20002287  	OLAGIZONEN	20303	20303	00020	1	9999	2	9998	
20002289  	OLAKETA	20303	20303	00020	1	9999	2	9998	
20002290  	OLAZABAL Y RAMERY	20303	20303	00020	1	9999	2	9998	
20002217  	ORTIZ DE ZARATE	20302	20302	00020	1	9999	2	9998	
20002315  	OSIMBIRIBIL	20304	20304	00020	1	9999	2	9998	
20002439  	OSPITALE	20305	20305	00020	1	9999	2	9998	
20002249  	OSPITALEA SANTA MARGARITA	20303	20303	00020	1	9999	2	9998	
20002163  	PAGOA	20301	20301	00020	1	9999	2	9998	
20002164  	PAGOGAINA	20301	20301	00020	1	9999	2	9998	
20002350  	PAPINEA KARRIKA	20304	20304	00020	1	9999	2	9998	
20002351  	PATRICIO ARABOLAZA	20304	20304	00020	1	9999	2	9998	
20002352  	PEDRO DE HIRIZAR	20304	20304	00020	1	9999	2	9998	
20002353  	PELEGRIN DE URANZU	20304	20304	00020	1	9999	2	9998	
20002165  	PELLO BIXENTE	20301	20301	00020	1	9999	2	9998	
20002354  	PEÑA	20304	20304	00020	1	9999	2	9998	
20002131  	PEÑAS DE AYA	20301	20301	00020	1	9999	2	9998	
20002218  	PEPITO ETXEBESTE	20302	20302	00020	1	9999	2	9998	
20002219  	PEREZ PORTU ALMIRANTEA	20302	20302	00020	1	9999	2	9998	
20002356  	PIERRE LOTI	20304	20304	00020	1	9999	2	9998	
20002291  	PIKETAZAHARRA	20303	20303	00020	1	9999	2	9998	
20002220  	PIKOKETA	20302	20302	00020	1	9999	2	9998	
20002357  	PILAR	20304	20304	00020	1	9999	2	9998	
20002167  	PINAR	20301	20301	00020	1	9999	2	9998	
20002416  	PINTOR BERROETA	20305	20305	00020	1	9999	2	9998	
20002166  	PINUDI	20301	20301	00020	1	9999	2	9998	
20002441  	PIO BAROJA	20305	20305	00020	1	9999	2	9998	
20002221  	PIO XII	20302	20302	00020	1	9999	2	9998	
20002319  	PLATANOEN	20304	20304	00020	1	9999	2	9998	
20002320  	PLATANOS	20304	20304	00020	1	9999	2	9998	
20002121  	PLAYAUNDI, ESCUELA	20301	20301	00020	0	0	0	0	
20002191  	POLICARPO BALZOLA	20302	20302	00020	1	9999	2	9998	
20002442  	PORTU	20305	20305	00020	1	9999	2	9998	
20002443  	POZUETAKOGAINA	20305	20305	00020	1	9999	2	9998	
20002402  	PRIMAUNTZAR	20305	20305	00020	1	9999	2	9998	
20002358  	PRUDENCIA ARBIDE	20304	20304	00020	1	9999	2	9998	
20002444  	PUYANA	20305	20305	00020	1	9999	2	9998	
20002359  	RAMON IRIBARREN	20304	20304	00020	1	9999	2	9998	
20002292  	RATAPLAN	20303	20303	00020	1	9999	2	9998	
20002360  	REAL UNION	20304	20304	00020	1	9999	2	9998	
20002177  	REINA FABIOLA	20301	20301	00020	1	9999	2	9998	
20002120  	REINA ISABEL	20301	20301	00020	1	9999	2	9998	
20002146  	RENTERIA	20301	20301	00020	1	9999	2	9998	
20002199  	REPUBLICA ARGENTINA	20302	20302	00020	1	9999	2	9998	
20002179  	REY FERNANDO	20301	20301	00020	1	9999	2	9998	
20002602  	RIBERA	20303	20303	00020	1	9999	2	9998	
20002361  	SALIS	20304	20304	00020	1	9999	2	9998	
20002362  	SALVADOR ETXEANDIA	20304	20304	00020	1	9999	2	9998	
20002293  	SAN FRANCISCO JAVIER	20303	20303	00020	1	9999	2	9998	
20002310  	SAN FRANCISCO XABIERREKO	20303	20303	00020	1	9999	2	9998	
20002295  	SAN ISIDRO LABRADOR	20303	20303	00020	1	9999	2	9998	
20002294  	SAN ISIDRO NEKAZARIA	20303	20303	00020	1	9999	2	9998	
20002599  	SAN JOSE LANGILEA	20303	20303	00020	1	9999	2	9998	
20002363  	SAN JUAN HARRIA	20304	20304	00020	1	9999	2	9998	
20002364  	SAN MARCIAL	20304	20304	00020	1	9999	2	9998	
20002168  	SAN MIGUEL	20301	20301	00020	1	9999	2	9998	
20002445  	SAN NARCISO	20305	20305	00020	1	9999	2	9998	
20002365  	SAN PEDRO	20304	20304	00020	1	9999	2	9998	
20002296  	SAN RAMON	20303	20303	00020	1	9999	2	9998	
20002143  	SAN SEBASTIAN	20301	20301	00020	1	9999	2	9998	
20002366  	SANTA ELENA	20304	20304	00020	1	9999	2	9998	
20002367  	SANTIAGO	20304	20304	00020	1	9999	2	9998	
20002368  	SANTIAGO ZUBIA	20304	20304	00020	1	9999	2	9998	
20002369  	SARASATE	20304	20304	00020	1	9999	2	9998	
20002370  	SARJIA	20304	20304	00020	1	9999	2	9998	
20002375  	SARJIA	20304	20304	00020	1	9999	2	9998	
20002222  	SEBASTIAN ERRAZU	20302	20302	00020	1	9999	2	9998	
20002322  	SEÑOR DE ARANZATE	20304	20304	00020	1	9999	2	9998	
20002223  	SERAPIO MUGICA	20302	20302	00020	1	9999	2	9998	
20002446  	TEILERIA	20305	20305	00020	1	9999	2	9998	
20002447  	TEODORO MURUA	20305	20305	00020	1	9999	2	9998	
20002448  	TOMPES	20305	20305	00020	1	9999	2	9998	
20002384  	TRAVESIA	20304	20304	00020	1	9999	2	9998	
20002371  	TREN TXIKITO	20304	20304	00020	1	9999	2	9998	
20002297  	TRENGIZONEN	20303	20303	00020	1	9999	2	9998	
20002169  	TXANALETA	20301	20301	00020	1	9999	2	9998	
20002408  	TXATXENEA	20305	20305	00020	1	9999	2	9998	
20002600  	TXIKILLO	20303	20303	00020	1	9999	2	9998	
20002170  	TXOANTENEA	20301	20301	00020	1	9999	2	9998	
20002298  	TXUMI ERREKA	20303	20303	00020	1	9999	2	9998	
20002372  	URDANIBIA	20304	20304	00020	1	9999	2	9998	
20002449  	URJAUZI	20305	20305	00020	1	9999	2	9998	
20002450  	URKIA	20305	20305	00020	1	9999	2	9998	
20002171  	URRUÑA	20301	20301	00020	1	9999	2	9998	
20002451  	URZAN	20305	20305	00020	1	9999	2	9998	
20002394  	USOTEGUI	20305	20305	00020	1	9999	2	9998	
20002373  	UZTAPIDE BERSOLARIA	20304	20304	00020	1	9999	2	9998	
20002139  	VERA DE BIDASOA	20301	20301	00020	1	9999	2	9998	
20002224  	VICENTE LAFITTE	20302	20302	00020	1	9999	2	9998	
20002374  	VICTORIANO JUARISTI	20304	20304	00020	1	9999	2	9998	
20002326  	VIRGEN MILAGROSA	20304	20304	00020	1	9999	2	9998	
20002403  	XARLENGO	20305	20305	00020	0	0	2	9998	
20002172  	ZABALTZA	20301	20301	00020	1	9999	2	9998	
20002299  	ZAPATAINZABALA	20303	20303	00020	1	9999	2	9998	
20002461  	ZEHAR	20305	20305	00020	1	9999	2	9998	
20002596  	ZEHARROLA	20305	20305	00020	1	9999	2	9998	
20002173  	ZUBELZU	20301	20301	00020	1	9999	2	9998	
20002226  	ZUBEROA	20302	20302	00020	1	9999	2	9998	
20002175  	ZUBI-MUSU	20301	20301	00020	1	9999	2	9998	
20002174  	ZUBIAURRE	20301	20301	00020	1	9999	2	9998	
20002452  	ZUMEA	20305	20305	00020	1	9999	2	9998	
20002453  	ZURBARAN	20305	20305	00020	1	9999	2	9998	
