*   	0.0	10000.0	1.1000000000000001
*   	10001.0	50000.0	1.05
*   	50001.0	100000.0	.97999999999999998
*   	100001.0	250000.0	.92000000000000004
*   	250001.0	500000.0	.85999999999999999
*   	500001.0	1000000.0	.78000000000000003
*   	1000001.0	2000000.0	.69999999999999996
*   	2000001.0	4000000.0	.64000000000000001
*   	4000001.0	8000000.0	.57999999999999996
*   	8000001.0	15000000.0	.52000000000000002
*   	15000001.0	30000000.0	.47999999999999998
*   	30000001.0	50000000.0	.44
*   	50000001.0	9999999999999998.0	.40000000000000002
2000	0.0	10000.0	1.25
2000	10001.0	50000.0	1.1499999999999999
2000	50001.0	100000.0	1.0800000000000001
2000	100001.0	250000.0	.95999999999999996
2000	250001.0	500000.0	.85999999999999999
2000	500001.0	1000000.0	.78000000000000003
2000	1000001.0	2000000.0	.69999999999999996
2000	2000001.0	4000000.0	.62
2000	4000001.0	8000000.0	.56000000000000005
2000	8000001.0	15000000.0	.5
2000	15000001.0	30000000.0	.46000000000000002
2000	30000001.0	50000000.0	.41999999999999998
2000	50000001.0	9999999999999998.0	.38
2001	0.0	10000.0	1.1000000000000001
2001	10001.0	50000.0	1.05
2001	50001.0	100000.0	.97999999999999998
2001	100001.0	250000.0	.92000000000000004
2001	250001.0	500000.0	.85999999999999999
2001	500001.0	1000000.0	.80000000000000004
2001	1000001.0	2000000.0	.73999999999999999
2001	2000001.0	4000000.0	.68000000000000005
2001	4000001.0	8000000.0	.62
2001	8000001.0	15000000.0	.56000000000000005
2001	15000001.0	30000000.0	.52000000000000002
2001	30000001.0	50000000.0	.47999999999999998
2001	50000001.0	9999999999999998.0	.44
2002	0.0	10000.0	1.1000000000000001
2002	10001.0	50000.0	1.05
2002	50001.0	100000.0	.97999999999999998
2002	100001.0	250000.0	.92000000000000004
2002	250001.0	500000.0	.85999999999999999
2002	500001.0	1000000.0	.78000000000000003
2002	1000001.0	2000000.0	.69999999999999996
2002	2000001.0	4000000.0	.64000000000000001
2002	4000001.0	8000000.0	.57999999999999996
2002	8000001.0	15000000.0	.52000000000000002
2002	15000001.0	30000000.0	.47999999999999998
2002	30000001.0	50000000.0	.44
2002	50000001.0	9999999999999998.0	.40000000000000002
2003	0.0	10000.0	1.1000000000000001
2003	10001.0	50000.0	1.05
2003	50001.0	100000.0	.97999999999999998
2003	100001.0	250000.0	.92000000000000004
2003	250001.0	500000.0	.85999999999999999
2003	500001.0	1000000.0	.78000000000000003
2003	1000001.0	2000000.0	.69999999999999996
2003	2000001.0	4000000.0	.64000000000000001
2003	4000001.0	8000000.0	.57999999999999996
2003	8000001.0	15000000.0	.52000000000000002
2003	15000001.0	30000000.0	.47999999999999998
2003	30000001.0	50000000.0	.44
2003	50000001.0	9999999999999998.0	.40000000000000002
2004	0.0	10000.0	1.1000000000000001
2004	10001.0	50000.0	1.05
2004	50001.0	100000.0	.97999999999999998
2004	100001.0	250000.0	.92000000000000004
2004	250001.0	500000.0	.85999999999999999
2004	500001.0	1000000.0	.78000000000000003
2004	1000001.0	2000000.0	.69999999999999996
2004	2000001.0	4000000.0	.64000000000000001
2004	4000001.0	8000000.0	.57999999999999996
2004	8000001.0	15000000.0	.52000000000000002
2004	15000001.0	30000000.0	.47999999999999998
2004	30000001.0	50000000.0	.44
2004	50000001.0	99999999999999.0	.40000000000000002
2005	0.0	10000.0	1.1000000000000001
2005	10001.0	50000.0	1.05
2005	50001.0	100000.0	.97999999999999998
2005	100001.0	250000.0	.92000000000000004
2005	250001.0	500000.0	.85999999999999999
2005	500001.0	1000000.0	.78000000000000003
2005	1000001.0	2000000.0	.69999999999999996
2005	2000001.0	4000000.0	.64000000000000001
2005	4000001.0	8000000.0	.57999999999999996
2005	8000001.0	15000000.0	.52000000000000002
2005	15000001.0	30000000.0	.47999999999999998
2005	30000001.0	50000000.0	.44
2005	50000001.0	99999999999999.0	.40000000000000002
2006	0.0	10000.0	1.1000000000000001
2006	10001.0	50000.0	1.05
2006	50001.0	100000.0	.97999999999999998
2006	100001.0	250000.0	.92000000000000004
2006	250001.0	500000.0	.85999999999999999
2006	500001.0	1000000.0	.78000000000000003
2006	1000001.0	2000000.0	.69999999999999996
2006	2000001.0	4000000.0	.64000000000000001
2006	4000001.0	8000000.0	.57999999999999996
2006	8000001.0	15000000.0	.52000000000000002
2006	15000001.0	30000000.0	.47999999999999998
2006	30000001.0	50000000.0	.44
2006	50000001.0	99999999999999.0	.40000000000000002
2007	0.0	10000.0	1.1000000000000001
2007	10001.0	50000.0	1.05
2007	50001.0	100000.0	.97999999999999998
2007	100001.0	250000.0	.92000000000000004
2007	250001.0	500000.0	.85999999999999999
2007	500001.0	1000000.0	.78000000000000003
2007	1000001.0	2000000.0	.69999999999999996
2007	2000001.0	4000000.0	.64000000000000001
2007	4000001.0	8000000.0	.57999999999999996
2007	8000001.0	15000000.0	.52000000000000002
2007	15000001.0	30000000.0	.47999999999999998
2007	30000001.0	50000000.0	.44
2007	50000001.0	99999999999999.0	.40000000000000002
2008	0.0	10000.0	1.1000000000000001
2008	10001.0	50000.0	1.05
2008	50001.0	100000.0	.97999999999999998
2008	100001.0	250000.0	.92000000000000004
2008	250001.0	500000.0	.85999999999999999
2008	500001.0	1000000.0	.78000000000000003
2008	1000001.0	2000000.0	.69999999999999996
2008	2000001.0	4000000.0	.64000000000000001
2008	4000001.0	8000000.0	.57999999999999996
2008	8000001.0	15000000.0	.52000000000000002
2008	15000001.0	30000000.0	.47999999999999998
2008	30000001.0	50000000.0	.44
2008	50000001.0	99999999999999.0	.40000000000000002
2009	0.0	10000.0	1.1000000000000001
2009	10001.0	50000.0	1.05
2009	50001.0	100000.0	.97999999999999998
2009	100001.0	250000.0	.92000000000000004
2009	250001.0	500000.0	.85999999999999999
2009	500001.0	1000000.0	.78000000000000003
2009	1000001.0	2000000.0	.69999999999999996
2009	2000001.0	4000000.0	.64000000000000001
2009	4000001.0	8000000.0	.57999999999999996
2009	8000001.0	15000000.0	.52000000000000002
2009	15000001.0	30000000.0	.47999999999999998
2009	30000001.0	50000000.0	.44
2009	50000001.0	99999999999999.0	.40000000000000002
2010	0.0	10000.0	1.1000000000000001
2010	10001.0	50000.0	1.05
2010	50001.0	100000.0	.97999999999999998
2010	100001.0	250000.0	.92000000000000004
2010	250001.0	500000.0	.85999999999999999
2010	500001.0	1000000.0	.78000000000000003
2010	1000001.0	2000000.0	.69999999999999996
2010	2000001.0	4000000.0	.64000000000000001
2010	4000001.0	8000000.0	.57999999999999996
2010	8000001.0	15000000.0	.52000000000000002
2010	15000001.0	30000000.0	.47999999999999998
2010	30000001.0	50000000.0	.44
2010	50000001.0	99999999999999.0	.40000000000000002
