4         	ABAD DE SANTULLÁN	24008	24008	00024	1	9999	2	9998	0001
5         	ABAD VIÑAYO	24008	24008	00024	1	9999	2	9998	0001
7         	ABEDULES, LOS	24005	24005	00024	1	9999	2	9998	0001
8         	ADELFA	24010	24010	00024	1	9999	2	9998	0001
9         	AGUSTIN ALFAGEME	24009	24009	00024	1	9999	2	9998	0001
10        	AGUSTINA DE ARAGON	24010	24010	00024	1	9999	2	9998	0001
11        	ALCALDE JOSE FERNANDEZ SUAREZ	24010	24010	00024	1	9999	2	9998	0001
12        	ALCALDE MIGUEL CASTAÑO	24005	24005	00024	1	9999	2	9998	0001
13        	ALCALDE PEREZ DE LERA	24008	24008	00024	1	9999	2	9998	0001
14        	ALCAZAR DE TOLEDO	24001	24001	00024	1	9999	2	9998	0001
15        	ALEGRIA	24005	24005	00024	1	9999	2	9998	0001
16        	ALEJO GARCIA BRIZUELA	24005	24005	00024	1	9999	2	9998	0001
17        	ALFAGEME	24010	24010	00024	1	9999	2	9998	0001
18        	ALFEREZ PROVISIONAL	24001	24001	00024	1	9999	2	9998	0001
20        	ALFONSO EL JUSTICIERO	24007	24007	00024	1	9999	2	9998	0001
21        	ALFONSO IX	24004	24004	00024	1	9999	2	9998	0001
22        	ALFONSO NUÑO	24008	24008	00024	1	9999	2	9998	0001
23        	ALFONSO V	24001	24001	00024	1	9999	2	9998	0001
24        	ALFONSO VI	24007	24007	00024	1	9999	2	9998	0001
25        	ALFREDO BARTHE, PLAZA	24005	24005	00024	1	9999	2	9998	0001
26        	ALICANTE	24007	24007	00024	1	9999	2	9998	0001
27        	ALMIRANTE DE CASTILLA	24008	24008	00024	1	9999	2	9998	0001
28        	ALUCHES	24010	24010	00024	1	9999	2	9998	0001
29        	ALVARO LOPEZ NUÑEZ	24002	24002	00024	1	9999	2	9998	0001
30        	AMAPOLA	24010	24010	00024	1	9999	2	9998	0001
31        	AMIGOS DEL PAÍS	24008	24008	00024	1	9999	2	9998	0001
32        	ANA MOGAS	24009	24009	00024	1	9999	2	9998	0001
33        	ANCARES	24010	24010	00024	1	9999	2	9998	0001
34        	ANCHA (SAN ANDRES)	24010	24010	00024	1	9999	2	9998	0001
35        	ANFORAS, LAS	24007	24007	00024	1	9999	2	9998	0001
36        	ANGEL	24008	24008	00024	1	9999	2	9998	0001
37        	ANGEL GANIVET	24010	24010	00024	1	9999	2	9998	0001
38        	ANTIBIOTICOS, AVENIDA	24009	24009	00024	1	9999	2	9998	0001
39        	ANTOLIN LOPEZ PELAEZ	24006	24006	00024	1	9999	2	9998	0001
40        	ANTONIO GAUDI	24008	24008	00024	1	9999	2	9998	0001
41        	ANTONIO GONZALEZ DE LAMA	24007	24007	00024	1	9999	2	9998	0001
42        	ANTONIO NEBRIJA	24009	24009	00024	1	9999	2	9998	0001
44        	ANTONIO VALBUENA	24004	24004	00024	1	9999	2	9998	0001
45        	ANUNCIATA	24010	24010	00024	1	9999	2	9998	0001
46        	ARADUEY	24010	24010	00024	1	9999	2	9998	0001
47        	ARCEDIANO SALDAÑA	24008	24008	00024	1	9999	2	9998	0001
48        	ARCIPRESTE DE HITA	24004	24004	00024	1	9999	2	9998	0001
49        	ARCO DE ANIMAS	24003	24003	00024	1	9999	2	9998	0001
50        	ARENALES, LOS	24010	24010	00024	1	9999	2	9998	0001
51        	ARENALES, TRAVESÍA	24010	24010	00024	1	9999	2	9998	0001
52        	ARIAS MONTANO	24008	24008	00024	1	9999	2	9998	0001
53        	ARQUITECTO LAZARO	24003	24003	00024	1	9999	2	9998	0001
54        	ARQUITECTO RAMON CAÑAS DEL RIO	24007	24007	00024	1	9999	2	9998	0001
55        	ARQUITECTO TORBADO	24003	24003	00024	1	9999	2	9998	0001
56        	ARRIBA	24009	24009	00024	1	9999	2	9998	0001
57        	ARRIBAS, LAS	24010	24010	00024	1	9999	2	9998	0001
58        	ARRIBAS, PLAZA DE LAS	24010	24010	00024	1	9999	2	9998	0001
59        	ARRIBAS, TRAVESÍA	24010	24010	00024	1	9999	2	9998	0001
60        	ARTESANO, EL	24010	24010	00024	1	9999	2	9998	0001
61        	ARVEJAL	24003	24003	00024	1	9999	2	9998	0001
62        	ARZOBISPO SANTOS OLIVERA	24005	24005	00024	1	9999	2	9998	0001
63        	ASTORGA	24009	24009	00024	1	9999	2	9998	0001
64        	ASTORGA, CARRETERA HASTA KM 6	24010	24010	00024	1	9999	2	9998	0001
65        	ASTORGA, CASAS DE LA RENFE	24009	24009	00024	1	9999	2	9998	0001
66        	ASTURIAS-REGIMIENTO ALMANSA, AVENIDA DE	24008	24008	00024	1	9999	2	9998	0001
67        	ATALAYA, URBANIZACIÓN LA	24010	24010	00024	1	9999	2	9998	0001
68        	AUSENTE	24010	24010	00024	1	9999	2	9998	0001
69        	AVE MARIA	24007	24007	00024	1	9999	2	9998	0001
71        	AZABACHERIA	24003	24003	00024	1	9999	2	9998	0001
72        	AZORIN	24010	24010	00024	1	9999	2	9998	0001
73        	AZUCENA	24010	24010	00024	1	9999	2	9998	0001
74        	BABIA	24007	24007	00024	1	9999	2	9998	0001
75        	BABIECA	24005	24005	00024	1	9999	2	9998	0001
76        	BABIECA (TROBAJO)	24009	24009	00024	1	9999	2	9998	0001
77        	BADAJOZ	24010	24010	00024	1	9999	2	9998	0001
78        	BADILLO	24010	24010	00024	1	9999	2	9998	0001
79        	BAILEN	24007	24007	00024	1	9999	2	9998	0001
80        	BALANZATEGUI, PLAZA	24008	24008	00024	1	9999	2	9998	0001
81        	BALTASAR GUTIERREZ	24006	24006	00024	1	9999	2	9998	0001
82        	BANDONILLA	24009	24009	00024	1	9999	2	9998	0001
84        	BAÑA, LA	24010	24010	00024	1	9999	2	9998	0001
85        	BAÑEZA, LA	24007	24007	00024	1	9999	2	9998	0001
86        	BARAHONA	24003	24003	00024	1	9999	2	9998	0001
87        	BARRERA, LA	24010	24010	00024	1	9999	2	9998	0001
88        	BARRIO CARBOSILLO	24010	24010	00024	0	0	0	0	0001
89        	BARRIO LA CANDAMIA	24007	24007	00024	1	9999	2	9998	0001
90        	BARRIO PINILLA	24010	24010	00024	0	0	0	0	0001
91        	BARRIOBERO	24006	24006	00024	1	9999	2	9998	0001
93        	BATALLA DE CLAVIJO	24006	24006	00024	1	9999	2	9998	0001
94        	BELLAVISTA	24005	24005	00024	1	9999	2	9998	0001
95        	BELLAVISTA (SAN ANDRES)	24010	24010	00024	1	9999	2	9998	0001
96        	BERMUDO II EL GOTOSO	24008	24008	00024	1	9999	2	9998	0001
97        	BERMUDO III	24003	24003	00024	1	9999	2	9998	0001
98        	BERNARDINO DE ROBLEDO	24003	24003	00024	1	9999	2	9998	0001
99        	BERNARDINO DE SAHAGUN	24004	24004	00024	1	9999	2	9998	0001
100       	BERNARDO DEL CARPIO	24004	24004	00024	1	9999	2	9998	0001
101       	BERNESGA	24010	24010	00024	1	9999	2	9998	0001
102       	BERRUGUETE	24010	24010	00024	1	9999	2	9998	0001
103       	BEYOS, LOS	24008	24008	00024	1	9999	2	9998	0001
104       	BIERZO	24010	24010	00024	1	9999	2	9998	0001
105       	BIERZO, PLAZA	24010	24010	00024	1	9999	2	9998	0001
106       	BILBAO	24002	24002	00024	1	9999	2	9998	0001
107       	BLASCO IBAÑEZ	24009	24009	00024	1	9999	2	9998	0001
108       	BODEGAS, CAMINO	24010	24010	00024	1	9999	2	9998	0001
110       	BOMBERO CASAIS	24005	24005	00024	1	9999	2	9998	0001
111       	BONIFACIO RODRIGUEZ	24010	24010	00024	1	9999	2	9998	0001
112       	BORDADORES, AVENIDA	24006	24006	00024	1	9999	2	9998	0001
113       	BORDON	24008	24008	00024	1	9999	2	9998	0001
114       	BRAÑA CABALLO	24008	24008	00024	1	9999	2	9998	0001
115       	BRIANDA DE OLIVERA	24005	24005	00024	1	9999	2	9998	0001
116       	BUEN SUCESO	24007	24007	00024	1	9999	2	9998	0001
117       	BUENAVISTA	24009	24009	00024	1	9999	2	9998	0001
118       	BURBIA	24010	24010	00024	1	9999	2	9998	0001
119       	BURGO NUEVO	24001	24001	00024	1	9999	2	9998	0001
120       	BURGOS	24009	24009	00024	1	9999	2	9998	0001
121       	CABALLEROS	24009	24009	00024	1	9999	2	9998	0001
122       	CABEZA DE VACA	24006	24006	00024	1	9999	2	9998	0001
123       	CABRERA	24010	24010	00024	1	9999	2	9998	0001
124       	CACERES	24010	24010	00024	1	9999	2	9998	0001
125       	CACTUS	24010	24010	00024	1	9999	2	9998	0001
126       	CALDERON DE LA BARCA	24008	24008	00024	1	9999	2	9998	0001
127       	CALVO SOTELO (ARMUNIA)	24009	24009	00024	1	9999	2	9998	0001
128       	CALVO SOTELO (OTERUELO)	24009	24009	00024	1	9999	2	9998	0001
129       	CALVO SOTELO, PLAZA	24001	24001	00024	1	9999	2	9998	0001
131       	CAMINANTE	24008	24008	00024	1	9999	2	9998	0001
132       	CAMPANILLAS, LAS	24008	24008	00024	1	9999	2	9998	0001
133       	CAMPOS GOTICOS	24005	24005	00024	1	9999	2	9998	0001
134       	CANDAMIA, LA	24007	24007	00024	1	9999	2	9998	0001
135       	CANDILES	24010	24010	00024	1	9999	2	9998	0001
136       	CANONIGO JUAN DE GRAJAL	24007	24007	00024	1	9999	2	9998	0001
137       	CANTAMILANOS	24008	24008	00024	1	9999	2	9998	0001
138       	CANTAREROS	24003	24003	00024	1	9999	2	9998	0001
139       	CANTARRANAS	24006	24006	00024	1	9999	2	9998	0001
141       	CAÑO BADILLO	24006	24006	00024	1	9999	2	9998	0001
142       	CAÑO DE SANTA ANA, PLAZA	24006	24006	00024	1	9999	2	9998	0001
143       	CAÑO, PLAZA DEL (SAN ANDRES)	24010	24010	00024	1	9999	2	9998	0001
144       	CAPELOSO	24008	24008	00024	1	9999	2	9998	0001
145       	CAPILLA	24003	24003	00024	1	9999	2	9998	0001
146       	CAPITAN CORTES	24001	24001	00024	1	9999	2	9998	0001
147       	CARBAJALAS, LAS	24003	24003	00024	1	9999	2	9998	0001
148       	CARDENAL  AGUIRRE	24006	24006	00024	1	9999	2	9998	0001
149       	CARDENAL CISNEROS	24010	24010	00024	1	9999	2	9998	0001
151       	CARDENAL LANDAZURI	24003	24003	00024	1	9999	2	9998	0001
152       	CARDENAL LORENZANA	24001	24001	00024	1	9999	2	9998	0001
153       	CARDENAL TORQUEMADA	24008	24008	00024	1	9999	2	9998	0001
154       	CARDILES	24003	24003	00024	1	9999	2	9998	0001
155       	CARES	24010	24010	00024	1	9999	2	9998	0001
156       	CARIDAD, LA	24007	24007	00024	1	9999	2	9998	0001
157       	CARLOS PINILLA, AVENIDA	24010	24010	00024	1	9999	2	9998	0001
158       	CARLOS PINILLA, GLORIETA	24010	24010	00024	1	9999	2	9998	0001
159       	CARMEN	24001	24001	00024	1	9999	2	9998	0001
160       	CARMEN (ARMUNIA)	24009	24009	00024	1	9999	2	9998	0001
161       	CARMEN (TROBAJO)	24010	24010	00024	1	9999	2	9998	0001
162       	CARMEN, CALLEJÓN	24010	24010	00024	1	9999	2	9998	0001
163       	CARNICERIAS	24003	24003	00024	1	9999	2	9998	0001
164       	CAROLINA CORONADO	24010	24010	00024	1	9999	2	9998	0001
165       	CARRERAS	24007	24007	00024	1	9999	2	9998	0001
167       	CARRIZAS	24010	24010	00024	1	9999	2	9998	0001
168       	CARRIZO	24008	24008	00024	1	9999	2	9998	0001
169       	CARTAGENA	24004	24004	00024	1	9999	2	9998	0001
170       	CASAS, LAS	24010	24010	00024	1	9999	2	9998	0001
171       	CASCALERIA	24003	24003	00024	1	9999	2	9998	0001
172       	CASERONES	24010	24010	00024	1	9999	2	9998	0001
173       	CASERONES, PLAZA	24010	24010	00024	1	9999	2	9998	0001
174       	CASTAÑONES, LOS	24003	24003	00024	1	9999	2	9998	0001
176       	CATOUTE	24008	24008	00024	1	9999	2	9998	0001
177       	CEA	24010	24010	00024	1	9999	2	9998	0001
178       	CEBOLLEDO	24008	24008	00024	1	9999	2	9998	0001
179       	CEPEDA, LA	24008	24008	00024	1	9999	2	9998	0001
180       	CERCADOS	24009	24009	00024	1	9999	2	9998	0001
181       	CERCAS, LAS	24003	24003	00024	1	9999	2	9998	0001
182       	CERRADA	24010	24010	00024	1	9999	2	9998	0001
183       	CERVANTES	24003	24003	00024	1	9999	2	9998	0001
184       	CESPEDAL	24009	24009	00024	1	9999	2	9998	0001
259       	CHANTRE, DEL	24005	24005	00024	1	9999	2	9998	0001
260       	CHANTRIA, PASEO DE LA	24005	24005	00024	1	9999	2	9998	0001
261       	CHANTRIL	24005	24005	00024	1	9999	2	9998	0001
262       	CHOPERA	24010	24010	00024	1	9999	2	9998	0001
263       	CHURRUCA	24005	24005	00024	1	9999	2	9998	0001
186       	CID	24003	24003	00024	1	9999	2	9998	0001
187       	CID (CARRETERA DE ZAMORA)	24009	24009	00024	1	9999	2	9998	0001
188       	CID (TROBAJO)	24009	24009	00024	1	9999	2	9998	0001
189       	CIEN DONCELLAS	24003	24003	00024	1	9999	2	9998	0001
190       	CINCO DE MAYO	24006	24006	00024	1	9999	2	9998	0001
191       	CINCO DE OCTUBRE	24002	24002	00024	1	9999	2	9998	0001
192       	CIPRESES, LOS	24005	24005	00024	1	9999	2	9998	0001
193       	CIPRIANO DE LA HUERGA	24004	24004	00024	1	9999	2	9998	0001
194       	CIRCUNVALACION, CARRETERA	24009	24009	00024	1	9999	2	9998	0001
195       	CIRUJANO RODRIGUEZ	24005	24005	00024	1	9999	2	9998	0001
196       	CISNE, EL	24010	24010	00024	1	9999	2	9998	0001
197       	CLARA CAMPOAMOR	24008	24008	00024	1	9999	2	9998	0001
198       	CLASIFICACION	24009	24009	00024	1	9999	2	9998	0001
199       	CLAVEL	24006	24006	00024	1	9999	2	9998	0001
200       	CLAVEL (TROBAJO)	24010	24010	00024	1	9999	2	9998	0001
201       	COFRADIA DEL CIENTO	24009	24009	00024	1	9999	2	9998	0001
206       	COLLADO CERREDO	24008	24008	00024	1	9999	2	9998	0001
202       	COLOMBIA	24007	24007	00024	1	9999	2	9998	0001
204       	COLON (TROBAJO)	24010	24010	00024	1	9999	2	9998	0001
205       	COLON, PLAZA	24001	24001	00024	1	9999	2	9998	0001
207       	COMANDANTE CORTIZO	24008	24008	00024	1	9999	2	9998	0001
208       	COMANDANTE ZORITA	24004	24004	00024	1	9999	2	9998	0001
209       	COMARCALES	24010	24010	00024	1	9999	2	9998	0001
210       	COMPLUDO	24008	24008	00024	1	9999	2	9998	0001
211       	COMPOSTELA	24008	24008	00024	1	9999	2	9998	0001
212       	CONCEPCIONES, PLAZA	24003	24003	00024	1	9999	2	9998	0001
214       	CONCHA ESPINA	24007	24007	00024	1	9999	2	9998	0001
213       	CONCORDIA	24009	24009	00024	1	9999	2	9998	0001
215       	CONDE ANSUREZ	24005	24005	00024	1	9999	2	9998	0001
216       	CONDE DE BARCELONA	24007	24007	00024	1	9999	2	9998	0001
218       	CONDE GUILLEN	24004	24004	00024	1	9999	2	9998	0001
219       	CONDE LUNA	24003	24003	00024	1	9999	2	9998	0001
220       	CONDE LUNA, PLAZA	24003	24003	00024	1	9999	2	9998	0001
221       	CONDE PEÑARRAMIRO	24008	24008	00024	1	9999	2	9998	0001
222       	CONDE REBOLLEDO	24003	24003	00024	1	9999	2	9998	0001
223       	CONDE SALDAÑA	24009	24009	00024	1	9999	2	9998	0001
224       	CONDESA DE SAGASTA, PASEO	24001	24001	00024	1	9999	2	9998	0001
226       	CONSTITUCION, AVENIDA	24010	24010	00024	1	9999	2	9998	0001
227       	CONSUELO	24010	24010	00024	1	9999	2	9998	0001
228       	CONSUELO, TRAVESÍA DEL	24010	24010	00024	1	9999	2	9998	0001
229       	CONVENTO	24003	24003	00024	1	9999	2	9998	0001
230       	CORDONES, LOS	24005	24005	00024	1	9999	2	9998	0001
231       	CORISCAO	24007	24007	00024	1	9999	2	9998	0001
232       	CORNATEL	24008	24008	00024	1	9999	2	9998	0001
233       	CORNION	24008	24008	00024	1	9999	2	9998	0001
234       	CORONA	24008	24008	00024	1	9999	2	9998	0001
235       	CORPUS CHRISTI	24010	24010	00024	1	9999	2	9998	0001
236       	CORREDERA	24004	24004	00024	1	9999	2	9998	0001
237       	CORRIDA	24008	24008	00024	1	9999	2	9998	0001
238       	CORTA	24003	24003	00024	1	9999	2	9998	0001
239       	CORTES LEONESAS, PLAZA	24003	24003	00024	1	9999	2	9998	0001
240       	COSO	24010	24010	00024	1	9999	2	9998	0001
241       	COVADONDA (SAN ANDRES)	24010	24010	00024	1	9999	2	9998	0001
242       	COVADONGA	24004	24004	00024	1	9999	2	9998	0001
244       	CRUZ	24010	24010	00024	1	9999	2	9998	0001
245       	CRUZ DEL PORTILLO	24005	24005	00024	1	9999	2	9998	0001
246       	CRUZ ROJA DE LEON	24008	24008	00024	1	9999	2	9998	0001
247       	CRUZ, CAMINO DE LA	24010	24010	00024	1	9999	2	9998	0001
248       	CUA	24010	24010	00024	1	9999	2	9998	0001
249       	CUBOS	24007	24007	00024	1	9999	2	9998	0001
250       	CUCHILLEROS	24007	24007	00024	1	9999	2	9998	0001
251       	CUESTA	24010	24010	00024	1	9999	2	9998	0001
252       	CUESTA (ARMUNIA)	24009	24009	00024	1	9999	2	9998	0001
253       	CUESTA (OTERUELO)	24009	24009	00024	1	9999	2	9998	0001
254       	CUESTA LUZAR, CAMINO	24010	24010	00024	1	9999	2	9998	0001
255       	CUESTA, TRAVESÍA DE LA	24010	24010	00024	1	9999	2	9998	0001
257       	CUEVAS	24009	24009	00024	1	9999	2	9998	0001
258       	CURUEÑO	24010	24010	00024	1	9999	2	9998	0001
264       	DALIA, LA	24010	24010	00024	1	9999	2	9998	0001
265       	DAMA DE ARINTERO	24008	24008	00024	1	9999	2	9998	0001
266       	DAMAS	24009	24009	00024	1	9999	2	9998	0001
267       	DAMASO MERINO	24003	24003	00024	1	9999	2	9998	0001
268       	DANTE	24007	24007	00024	1	9999	2	9998	0001
269       	DAOIZ Y VELARDE	24006	24006	00024	1	9999	2	9998	0001
270       	DAOIZ Y VELARDE (TROBAJO)	24010	24010	00024	1	9999	2	9998	0001
271       	DELICIAS	24008	24008	00024	1	9999	2	9998	0001
272       	DELICIAS (TROBAJO)	24010	24010	00024	1	9999	2	9998	0001
273       	DEMETRIO DE LOS RIOS	24008	24008	00024	1	9999	2	9998	0001
274       	DEMETRIO MONTESERIN	24009	24009	00024	1	9999	2	9998	0001
276       	DESCALZOS, LOS	24003	24003	00024	1	9999	2	9998	0001
277       	DESENGAÑO	24005	24005	00024	1	9999	2	9998	0001
278       	DIECINUEVE DE OCTUBRE	24008	24008	00024	1	9999	2	9998	0001
279       	DIECIOCHO DE JULIO	24008	24008	00024	1	9999	2	9998	0001
280       	DIEGO YUSTE	24005	24005	00024	1	9999	2	9998	0001
281       	DISCOTECA, CALLEJÓN	24010	24010	00024	1	9999	2	9998	0001
282       	DIVISION AZUL	24009	24009	00024	1	9999	2	9998	0001
283       	DOCE DE OCTUBRE	24010	24010	00024	1	9999	2	9998	0001
284       	DOCE MARTIRES	24004	24004	00024	1	9999	2	9998	0001
285       	DOCE MARTIRES, PLAZA	24004	24004	00024	1	9999	2	9998	0001
286       	DOCTOR FLEMING, AVENIDA	24009	24009	00024	1	9999	2	9998	0001
287       	DOMINICAS	24010	24010	00024	1	9999	2	9998	0001
288       	DON DE JULIO	24008	24008	00024	1	9999	2	9998	0001
289       	DON GUTIERRE	24003	24003	00024	1	9999	2	9998	0001
290       	DON GUTIERRE, PLAZA	24003	24003	00024	1	9999	2	9998	0001
292       	DONCELLAS, LAS	24005	24005	00024	1	9999	2	9998	0001
293       	DONOSO CORTES	24008	24008	00024	1	9999	2	9998	0001
294       	DOÑA CONSTANZA	24009	24009	00024	1	9999	2	9998	0001
295       	DOÑA GIMENA	24009	24009	00024	1	9999	2	9998	0001
296       	DOÑA URRACA	24009	24009	00024	1	9999	2	9998	0001
297       	DOS DE MAYO	24010	24010	00024	1	9999	2	9998	0001
298       	DOS HERMANAS	24005	24005	00024	1	9999	2	9998	0001
299       	DUEÑAS	24008	24008	00024	1	9999	2	9998	0001
300       	DUERNA	24010	24010	00024	1	9999	2	9998	0001
301       	DUQUE DE RIVAS	24007	24007	00024	1	9999	2	9998	0001
302       	EBRO	24010	24010	00024	1	9999	2	9998	0001
303       	EDUARDO CONTRERAS	24010	24010	00024	1	9999	2	9998	0001
304       	EDUARDO GONZALEZ PASTRANA	24010	24010	00024	1	9999	2	9998	0001
305       	EDUARDO GONZALEZ PASTRANA, PLAZA	24010	24010	00024	1	9999	2	9998	0001
306       	EJIDO QUINTIN	24006	24006	00024	1	9999	2	9998	0001
308       	ELCANO	24010	24010	00024	1	9999	2	9998	0001
309       	EMPERADOR	24010	24010	00024	1	9999	2	9998	0001
310       	EMPERADOR CARLOS	24006	24006	00024	1	9999	2	9998	0001
311       	ENTALLADORES	24009	24009	00024	1	9999	2	9998	0001
312       	ERA (OTERUELO)	24009	24009	00024	1	9999	2	9998	0001
313       	ERA (SAN ANDRES)	24010	24010	00024	1	9999	2	9998	0001
314       	ERA DEL MORO	24002	24002	00024	1	9999	2	9998	0001
315       	ERA, LA	24010	24010	00024	1	9999	2	9998	0001
316       	ERAS DE ABAJO	24010	24010	00024	1	9999	2	9998	0001
317       	ERIA	24010	24010	00024	1	9999	2	9998	0001
318       	ERMITA	24010	24010	00024	1	9999	2	9998	0001
319       	ERMITA, PLAZA DE LA	24010	24010	00024	1	9999	2	9998	0001
320       	ERMITA, TRAVESÍA DE LA	24010	24010	00024	1	9999	2	9998	0001
321       	ESCALADA	24008	24008	00024	1	9999	2	9998	0001
322       	ESCALERILLA	24003	24003	00024	1	9999	2	9998	0001
323       	ESCUELAS VIEJAS	24010	24010	00024	1	9999	2	9998	0001
324       	ESCUELAS, TRAVESÍA LAS	24010	24010	00024	1	9999	2	9998	0001
326       	ESCURIAL	24003	24003	00024	1	9999	2	9998	0001
327       	ESLA	24010	24010	00024	1	9999	2	9998	0001
328       	ESPAÑA, PLAZA	24009	24009	00024	1	9999	2	9998	0001
329       	ESPEJO	24007	24007	00024	1	9999	2	9998	0001
330       	ESPERANZA	24008	24008	00024	1	9999	2	9998	0001
331       	ESPINO, EL	24010	24010	00024	1	9999	2	9998	0001
332       	ESPIQUETE	24008	24008	00024	1	9999	2	9998	0001
333       	ESPOLON, PLAZA	24007	24007	00024	1	9999	2	9998	0001
334       	ESPOZ Y MINA	24010	24010	00024	1	9999	2	9998	0001
335       	ESPRONCEDA	24010	24010	00024	1	9999	2	9998	0001
336       	ESTEBAN JORDAN	24008	24008	00024	1	9999	2	9998	0001
337       	EUGENIA, CAMINO DE LA	24010	24010	00024	1	9999	2	9998	0001
338       	EUROPA, AVENIDA DE	24005	24005	00024	1	9999	2	9998	0001
339       	FACULTAD DE VETERINARIA, AVENIDA	24004	24004	00024	1	9999	2	9998	0001
341       	FANFALICIA	24009	24009	00024	1	9999	2	9998	0001
342       	FAUSTO	24005	24005	00024	1	9999	2	9998	0001
343       	FEDERICO ECHEVARRIA	24002	24002	00024	1	9999	2	9998	0001
344       	FEDERICO GARCIA LORCA	24009	24009	00024	1	9999	2	9998	0001
345       	FELICIDAD	24008	24008	00024	1	9999	2	9998	0001
346       	FELIPE II	24007	24007	00024	1	9999	2	9998	0001
347       	FELIPE SANCHEZ	24007	24007	00024	1	9999	2	9998	0001
348       	FELIX RODRIGUEZ DE LA FUENTE	24010	24010	00024	1	9999	2	9998	0001
349       	FERNANDEZ CADORNIGA	24003	24003	00024	1	9999	2	9998	0001
351       	FERNANDEZ LADREDA, AVENIDA	24009	24009	00024	79	9999	66	9998	0001
352       	FERNANDO ALVAREZ SANTOS	24010	24010	00024	1	9999	2	9998	0001
353       	FERNANDO BECKER	24005	24005	00024	1	9999	2	9998	0001
354       	FERNANDO GONZALEZ REGUERAL	24003	24003	00024	1	9999	2	9998	0001
355       	FERNANDO I	24007	24007	00024	1	9999	2	9998	0001
356       	FERNANDO II	24005	24005	00024	1	9999	2	9998	0001
357       	FERNANDO III (ARMUNIA)	24009	24009	00024	1	9999	2	9998	0001
358       	FERNANDO III EL SANTO	24007	24007	00024	1	9999	2	9998	0001
359       	FERNANDO REGUERAL (ARMUNIA)	24009	24009	00024	1	9999	2	9998	0001
360       	FERROL	24010	24010	00024	1	9999	2	9998	0001
361       	FIDALGOS	24010	24010	00024	1	9999	2	9998	0001
362       	FLECHA, LA	24005	24005	00024	1	9999	2	9998	0001
363       	FLORES (VILLACEDRE)	24009	24009	00024	1	9999	2	9998	0001
364       	FLORES DE LEMUS	24004	24004	00024	1	9999	2	9998	0001
365       	FLORES, LAS	24010	24010	00024	1	9999	2	9998	0001
366       	FLORIDA, LA	24010	24010	00024	1	9999	2	9998	0001
368       	FONTAÑAN	24008	24008	00024	1	9999	2	9998	0001
369       	FORTUNA	24005	24005	00024	1	9999	2	9998	0001
370       	FORTUNA (TROBAJO DEL CAMINO)	24010	24010	00024	1	9999	2	9998	0001
371       	FOTOGRAFO PEPE GARCIA	24005	24005	00024	1	9999	2	9998	0001
372       	FRAGA IRIBARNE	24009	24009	00024	1	9999	2	9998	0001
373       	FRAGUAS, LAS	24010	24010	00024	1	9999	2	9998	0001
374       	FRANCISCO ALVAREZ FRANCO	24010	24010	00024	1	9999	2	9998	0001
376       	FRANCISCO FERNANDEZ DIEZ	24009	24009	00024	1	9999	2	9998	0001
377       	FRANCISCO PIZARRO	24010	24010	00024	1	9999	2	9998	0001
378       	FRANCISCO RICO VALLE	24008	24008	00024	1	9999	2	9998	0001
379       	FRAY LUIS DE LEON	24005	24005	00024	1	9999	2	9998	0001
380       	FRAY LUIS DE LEON (TROBAJO DEL CAMINO)	24010	24010	00024	1	9999	2	9998	0001
381       	FRONDA	24010	24010	00024	1	9999	2	9998	0001
382       	FRONTON	24008	24008	00024	1	9999	2	9998	0001
383       	FRUELA II	24007	24007	00024	1	9999	2	9998	0001
384       	FUENTE (ARMUNIA)	24009	24009	00024	1	9999	2	9998	0001
385       	FUENTE (ARMUNIA), TRAVESÍA	24009	24009	00024	1	9999	2	9998	0001
386       	FUENTE EUGENIA, CAMINO	24010	24010	00024	1	9999	2	9998	0001
387       	FUENTE, LA	24010	24010	00024	1	9999	2	9998	0001
388       	FUENTES (ARMUNIA)	24009	24009	00024	1	9999	2	9998	0001
389       	FUENTES, LAS	24004	24004	00024	5	9999	8	9998	0001
390       	FUENTES, LAS	24005	24005	00024	1	3	2	6	0001
392       	FUNDICION, DE LA	24010	24010	00024	1	9999	2	9998	0001
393       	GABRIEL Y GALAN	24010	24010	00024	1	9999	2	9998	0001
394       	GABRIELA MISTRAL	24009	24009	00024	1	9999	2	9998	0001
395       	GALBA	24008	24008	00024	1	9999	2	9998	0001
397       	GARABITOS, LOS	24005	24005	00024	1	9999	2	9998	0001
398       	GARCIA I	24003	24003	00024	1	9999	2	9998	0001
399       	GARCIA PAREDES	24009	24009	00024	1	9999	2	9998	0001
400       	GARDENIA	24010	24010	00024	1	9999	2	9998	0001
401       	GENERAL ARANDA	24009	24009	00024	1	9999	2	9998	0001
402       	GENERAL BENAVIDES	24005	24005	00024	1	9999	2	9998	0001
403       	GENERAL GUTIERREZ MELLADO	24008	24008	00024	1	9999	2	9998	0001
404       	GENERAL LAFUENTE	24003	24003	00024	1	9999	2	9998	0001
405       	GENERAL MOLA	24003	24003	00024	1	9999	2	9998	0001
406       	GENERAL MOLA (ARMUNIA)	24009	24009	00024	1	9999	2	9998	0001
407       	GENERAL MOSCARDO	24006	24006	00024	1	9999	2	9998	0001
408       	GENERAL PORTOCARRERO	24008	24008	00024	1	9999	2	9998	0001
409       	GENERAL SANJURJO	24001	24001	00024	1	9999	0	0	0001
411       	GENERAL SANJURJO (ARMUNIA)	24009	24009	00024	1	9999	2	9998	0001
412       	GENERAL YAGUE	24009	24009	00024	1	9999	2	9998	0001
413       	GENERALISIMO FRANCO	24003	24003	00024	1	9999	2	9998	0001
414       	GENERALISIMO FRANCO (OTERUELO)	24009	24009	00024	1	9999	2	9998	0001
415       	GERANIO	24010	24010	00024	1	9999	2	9998	0001
416       	GERMÁN ALONSO	24008	24008	00024	1	9999	2	9998	0001
417       	GIJON	24008	24008	00024	1	9999	2	9998	0001
418       	GIL DE ONTAÑON	24008	24008	00024	1	9999	2	9998	0001
419       	GIL DE VILLASINTA	24005	24005	00024	1	9999	2	9998	0001
420       	GIL Y CARRASCO	24001	24001	00024	1	9999	2	9998	0001
421       	GIRASOL	24010	24010	00024	1	9999	2	9998	0001
422       	GOMEZ DE SALAZAR	24009	24009	00024	1	9999	2	9998	0001
423       	GONZALO DE BERCEO	24009	24009	00024	1	9999	2	9998	0001
424       	GONZALO DE TAPIA	24008	24008	00024	1	9999	2	9998	0001
425       	GORDON ORDAS	24008	24008	00024	1	9999	2	9998	0001
427       	GOYA (BARRIO DE LA SAL)	24009	24009	00024	1	9999	2	9998	0001
428       	GRACIA	24005	24005	00024	1	9999	2	9998	0001
429       	GRAN CAPITAN	24010	24010	00024	1	9999	2	9998	0001
430       	GRANADOS	24006	24006	00024	1	9999	2	9998	0001
431       	GRANJA, PASEO	24007	24007	00024	1	9999	2	9998	0001
432       	GREGORIO HERNANDEZ	24006	24006	00024	1	9999	2	9998	0001
433       	GUADALQUIVIR	24010	24010	00024	1	9999	2	9998	0001
434       	GUADIANA	24010	24010	00024	1	9999	2	9998	0001
435       	GUILLERMO DONCEL	24008	24008	00024	1	9999	2	9998	0001
436       	GUMERSINDO AZCARATE	24008	24008	00024	1	9999	2	9998	0001
437       	GUZMAN EL BUENO	24010	24010	00024	1	9999	2	9998	0001
438       	GUZMAN EL BUENO (ARMUNIA)	24009	24009	00024	1	9999	2	9998	0001
440       	HERMANOS MACHADO	24009	24009	00024	1	9999	2	9998	0001
441       	HERMOSILLA	24005	24005	00024	1	9999	2	9998	0001
442       	HERNAN CORTES	24005	24005	00024	1	9999	2	9998	0001
443       	HERNAN CORTES (TROBAJO)	24010	24010	00024	1	9999	2	9998	0001
444       	HEROES DE FILIPINAS	24008	24008	00024	1	9999	2	9998	0001
445       	HEROES LEONESES	24002	24002	00024	1	9999	2	9998	0001
446       	HERREROS	24003	24003	00024	1	9999	2	9998	0001
447       	HONORATO GARCIA LUENGO	24004	24004	00024	1	9999	2	9998	0001
448       	HORCA, SENDA	24006	24006	00024	1	9999	2	9998	0001
449       	HORTENSIA	24010	24010	00024	1	9999	2	9998	0001
450       	HOSPICIO	24003	24003	00024	1	9999	2	9998	0001
451       	HOSPITAL	24003	24003	00024	1	9999	2	9998	0001
452       	HOZ	24003	24003	00024	1	9999	2	9998	0001
453       	HOZ, LA (TROBAJO)	24010	24010	00024	1	9999	2	9998	0001
454       	HUERGA	24010	24010	00024	1	9999	2	9998	0001
455       	HUERTA DEL REY	24005	24005	00024	1	9999	2	9998	0001
457       	IGLESIA (ARMUNIA), TRAVESÍA	24009	24009	00024	1	9999	2	9998	0001
458       	IGLESIA, LA	24010	24010	00024	1	9999	2	9998	0001
459       	IGLESIA, PLAZA	24009	24009	00024	1	9999	2	9998	0001
460       	IGLESIA, TRAVESÍA	24010	24010	00024	1	9999	2	9998	0001
461       	IGNACIO DIAZ CANEJA	24006	24006	00024	1	9999	2	9998	0001
462       	ILDEFONSO FIERRO ORDOÑEZ	24005	24005	00024	1	9999	2	9998	0001
463       	IMPRENTA	24010	24010	00024	1	9999	2	9998	0001
464       	INDEPENDENCIA	24001	24001	00024	0	0	2	8	0001
465       	INDEPENDENCIA	24003	24003	00024	1	9999	10	9998	0001
466       	INDEPENDENCIA (TROBAJO DEL CAMINO), TRAVESÍA	24010	24010	00024	1	9999	2	9998	0001
467       	INDEPENDENCIA (TROBAJO)	24010	24010	00024	1	9999	2	9998	0001
468       	INDUSTRIA (ARMUNIA)	24009	24009	00024	1	9999	2	9998	0001
470       	INDUSTRIA (SAN ANDRES)	24010	24010	00024	1	9999	2	9998	0001
471       	INFANTA ELVIRA	24008	24008	00024	1	9999	2	9998	0001
472       	INFANZONES, LOS	24005	24005	00024	1	9999	2	9998	0001
473       	INGENIERO SAENZ DE MIERA	24009	24009	00024	1	9999	2	9998	0001
474       	ISAAC PERAL	24009	24009	00024	1	9999	2	9998	0001
475       	ISOBA	24005	24005	00024	1	9999	2	9998	0001
476       	JACINTO BARRIO ALLER	24005	24005	00024	1	9999	2	9998	0001
477       	JACINTO BENAVENTE, PLAZA	24006	24006	00024	1	9999	2	9998	0001
478       	JAIME BALMES	24007	24007	00024	1	9999	2	9998	0001
479       	JAMUZ	24010	24010	00024	1	9999	2	9998	0001
480       	JANO	24009	24009	00024	1	9999	2	9998	0001
481       	JARDIN DE SAN FRANCISCO	24004	24004	00024	0	0	0	0	0001
482       	JARDINES	24010	24010	00024	1	9999	2	9998	0001
483       	JAZMIN	24010	24010	00024	1	9999	2	9998	0001
484       	JESUS RUBIO	24004	24004	00024	1	9999	2	9998	0001
485       	JOAQUIN ALVAREZ	24010	24010	00024	1	9999	2	9998	0001
486       	JOAQUIN COSTA	24002	24002	00024	1	9999	2	9998	0001
487       	JOAQUINA VEDRUNA	24002	24002	00024	1	9999	2	9998	0001
489       	JORGE MANRIQUE	24009	24009	00024	1	9999	2	9998	0001
490       	JOSE AGUADO, AVENIDA	24005	24005	00024	1	9999	2	9998	0001
491       	JOSE ANTONIO (ARMUNIA)	24009	24009	00024	1	9999	2	9998	0001
492       	JOSE ANTONIO (OTERUELO)	24009	24009	00024	1	9999	2	9998	0001
493       	JOSE ANTONIO, AVENIDA	24001	24001	00024	1	9999	0	0	0001
494       	JOSE ANTONIO, AVENIDA	24002	24002	00024	0	0	2	9998	0001
495       	JOSE GONZALEZ	24008	24008	00024	1	9999	2	9998	0001
496       	JOSE MARIA FERNANDEZ	24006	24006	00024	1	9999	2	9998	0001
497       	JOSE MARIA GOY	24008	24008	00024	1	9999	2	9998	0001
498       	JOSE MARIA PEREDA	24006	24006	00024	1	9999	2	9998	0001
499       	JOSÉ MARÍA VICENTE LÓPEZ	24008	24008	00024	1	9999	2	9998	0001
500       	JOSE PINTO MAESTRO	24009	24009	00024	1	9999	2	9998	0001
501       	JOVELLANOS	24007	24007	00024	1	9999	2	9998	0001
502       	JUAN ALVAREZ POSADILLA	24006	24006	00024	1	9999	2	9998	0001
503       	JUAN DE ARFE	24003	24003	00024	1	9999	2	9998	0001
505       	JUAN DE BADAJOZ	24001	24001	00024	7	9999	8	9998	0001
506       	JUAN DE BADAJOZ	24002	24002	00024	1	5	2	6	0001
507       	JUAN DE JUNI	24008	24008	00024	1	9999	2	9998	0001
508       	JUAN DE LA COSA	24009	24009	00024	1	9999	2	9998	0001
509       	JUAN DE MALINAS	24005	24005	00024	1	9999	2	9998	0001
510       	JUAN DE RIVERA	24009	24009	00024	1	9999	2	9998	0001
511       	JUAN DE VEGA	24007	24007	00024	1	9999	2	9998	0001
513       	JUAN ELOY DIAZ JIMENEZ	24008	24008	00024	1	9999	2	9998	0001
514       	JUAN FERRERAS	24004	24004	00024	1	9999	2	9998	0001
515       	JUAN GONZALEZ ACEVEDO	24008	24008	00024	1	9999	2	9998	0001
516       	JUAN HERRERA	24006	24006	00024	1	9999	2	9998	0001
517       	JUAN II	24003	24003	00024	1	9999	2	9998	0001
518       	JUAN LORENZO SEGURA	24001	24001	00024	1	9999	2	9998	0001
519       	JUAN MADRAZO	24002	24002	00024	1	9999	2	9998	0001
520       	JUAN NUEVO	24009	24009	00024	1	9999	2	9998	0001
521       	JUAN RAMON JIMENEZ	24009	24009	00024	1	9999	2	9998	0001
522       	JUAN TORBADO	24009	24009	00024	1	9999	2	9998	0001
523       	JUAN XXIII	24006	24006	00024	1	9999	2	9998	0001
524       	JUANILLO EL JUGLAR	24005	24005	00024	1	9999	2	9998	0001
525       	JULIO DEL CAMPO	24002	24002	00024	1	9999	2	9998	0001
526       	JULIO PEREZ LLAMAZARES	24003	24003	00024	1	9999	2	9998	0001
528       	JUNCOS, LOS	24010	24010	00024	1	9999	2	9998	0001
529       	JUPITER	24010	24010	00024	1	9999	2	9998	0001
530       	LABIADAS, LAS	24005	24005	00024	1	9999	2	9998	0001
531       	LABORATORIO	24005	24005	00024	1	9999	2	9998	0001
532       	LABRADOR	24010	24010	00024	1	9999	2	9998	0001
534       	LACIANA	24008	24008	00024	1	9999	2	9998	0001
535       	LACIANA (PINILLA)	24010	24010	00024	1	9999	2	9998	0001
536       	LAGARES	24009	24009	00024	1	9999	2	9998	0001
537       	LAGUNAS, LAS	24010	24010	00024	1	9999	2	9998	0001
538       	LAMPARILLA	24009	24009	00024	1	9999	2	9998	0001
539       	LANCIA	24004	24004	00024	1	9999	2	9998	0001
540       	LASTRA	24005	24005	00024	1	9999	2	9998	0001
541       	LAUREANO DIAZ CANSECO	24009	24009	00024	1	9999	2	9998	0001
542       	LAZARO DEL VALLE	24008	24008	00024	1	9999	2	9998	0001
543       	LEGION VII	24003	24003	00024	1	9999	2	9998	0001
544       	LEGION VII, PASAJE COMERCIAL	24010	24010	00024	1	9999	2	9998	0001
545       	LEITARIEGOS	24008	24008	00024	1	9999	2	9998	0001
546       	LEON MARTIN GRANIZO	24005	24005	00024	1	9999	2	9998	0001
547       	LEON XIII	24008	24008	00024	1	9999	2	9998	0001
549       	LEOPOLDO ALAS	24006	24006	00024	1	9999	2	9998	0001
550       	LEOPOLDO PANERO	24006	24006	00024	1	9999	2	9998	0001
551       	LIRIO	24010	24010	00024	1	9999	2	9998	0001
552       	LITOGRAFIA	24010	24010	00024	1	9999	2	9998	0001
564       	LLANOS	24008	24008	00024	1	9999	2	9998	0001
565       	LLOMBOS	24009	24009	00024	1	9999	2	9998	0001
553       	LOPE  DE VEGA	24002	24002	00024	1	9999	2	9998	0001
554       	LOPEZ CASTRILLON	24003	24003	00024	1	9999	2	9998	0001
555       	LOPEZ DE FENAR	24003	24003	00024	1	9999	2	9998	0001
556       	LOPEZ DE RUEDA	24009	24009	00024	1	9999	2	9998	0001
557       	LUCAS DE TUY	24001	24001	00024	9	9999	12	9998	0001
558       	LUCAS DE TUY	24002	24002	00024	1	7	2	10	0001
559       	LUIS DE GONGORA	24009	24009	00024	1	9999	2	9998	0001
560       	LUIS DE SOSA	24004	24004	00024	1	9999	2	9998	0001
561       	LUIS S. CARMONA	24002	24002	00024	1	9999	2	9998	0001
562       	LUNA, LA	24010	24010	00024	1	9999	2	9998	0001
563       	LUZ, LA	24010	24010	00024	1	9999	2	9998	0001
566       	MADERA	24010	24010	00024	1	9999	2	9998	0001
567       	MADRID, AVENIDA	24005	24005	00024	1	9999	2	9998	0001
568       	MAESTRO COPIN	24006	24006	00024	1	9999	2	9998	0001
569       	MAESTRO JUSQUIN	24007	24007	00024	1	9999	2	9998	0001
570       	MAESTRO NICOLAS	24005	24005	00024	1	9999	2	9998	0001
571       	MAESTRO PASTRANA	24008	24008	00024	1	9999	2	9998	0001
573       	MAESTRO URIARTE	24008	24008	00024	1	9999	2	9998	0001
574       	MAESTRO VELASCO	24008	24008	00024	1	9999	2	9998	0001
575       	MAESTRO, PLAZA	24005	24005	00024	1	9999	2	9998	0001
576       	MAESTROS CANTORES	24005	24005	00024	1	9999	2	9998	0001
577       	MAGALLANES	24005	24005	00024	1	9999	2	9998	0001
578       	MAGALLANES (TROBAJO)	24010	24010	00024	1	9999	2	9998	0001
579       	MAGDALENA, AVENIDA	24009	24009	00024	1	9999	2	9998	0001
580       	MALPASO	24009	24009	00024	1	9999	2	9998	0001
581       	MAMPODRE	24008	24008	00024	1	9999	2	9998	0001
582       	MANJARIN	24008	24008	00024	1	9999	2	9998	0001
583       	MANUEL DE CARDENAS	24008	24008	00024	1	9999	2	9998	0001
584       	MANUELA LOPEZ	24010	24010	00024	1	9999	2	9998	0001
585       	MANZANAL	24008	24008	00024	1	9999	2	9998	0001
586       	MARAGATERIA	24008	24008	00024	1	9999	2	9998	0001
588       	MARCELINO ELOSUA	24008	24008	00024	1	9999	2	9998	0001
589       	MARCELO MACIAS	24005	24005	00024	1	9999	2	9998	0001
590       	MARCIAL PINCERNA	24008	24008	00024	1	9999	2	9998	0001
591       	MARGARITA	24010	24010	00024	1	9999	2	9998	0001
592       	MARIA CORONEL	24010	24010	00024	1	9999	2	9998	0001
593       	MARIA ENCARNACION	24009	24009	00024	1	9999	2	9998	0001
595       	MARIANO ANDRES	24008	24008	00024	1	9999	2	9998	0001
596       	MARIANO DOMINGUEZ BERRUETA	24003	24003	00024	1	9999	2	9998	0001
597       	MARIBALCON	24005	24005	00024	1	9999	2	9998	0001
598       	MARINA ESPAÑOLA, LA	24005	24005	00024	1	9999	2	9998	0001
599       	MARIPOSA, LA (SAN ANDRES)	24010	24010	00024	1	9999	2	9998	0001
600       	MARQUES DE FONTIHOYUELO	24008	24008	00024	1	9999	2	9998	0001
601       	MARQUES DE MONTEALEGRE	24007	24007	00024	1	9999	2	9998	0001
602       	MARQUES DE MONTEVIRGEN	24007	24007	00024	1	9999	2	9998	0001
603       	MARQUES DE SAN ISIDRO	24004	24004	00024	1	9999	2	9998	0001
604       	MARQUES DE SANTA MARIA DEL VILLAR	24007	24007	00024	1	9999	2	9998	0001
605       	MARQUES DE SANTILLANA	24009	24009	00024	1	9999	2	9998	0001
606       	MARTE	24010	24010	00024	1	9999	2	9998	0001
607       	MARTIN FERNANDEZ	24005	24005	00024	1	9999	2	9998	0001
608       	MARTIN SARMIENTO	24004	24004	00024	1	9999	2	9998	0001
610       	MATANZAS	24008	24008	00024	1	9999	2	9998	0001
611       	MATASIETE	24003	24003	00024	1	9999	2	9998	0001
612       	MAXIMO CAYON VALDALISO	24005	24005	00024	1	9999	2	9998	0001
613       	MAYOR (VILLACEDRE), PLAZA	24009	24009	00024	1	9999	2	9998	0001
614       	MAYOR, PLAZA	24003	24003	00024	1	9999	2	9998	0001
615       	MEDIO, DEL	24010	24010	00024	1	9999	2	9998	0001
616       	MEDUL	24007	24007	00024	1	9999	2	9998	0001
617       	MÉDULAS, LAS	24008	24008	00024	1	9999	2	9998	0001
618       	MEDULIO	24008	24008	00024	1	9999	2	9998	0001
619       	MELLUQUE	24008	24008	00024	1	9999	2	9998	0001
620       	MENENDEZ PELAYO	24007	24007	00024	1	9999	2	9998	0001
621       	MENENDEZ PIDAL	24010	24010	00024	1	9999	2	9998	0001
622       	MENENDEZ Y PELAYO (BARRIO DE PINILLA)	24010	24010	00024	1	9999	2	9998	0001
623       	MERCADO	24003	24003	00024	1	9999	2	9998	0001
625       	MESONES, LOS	24010	24010	00024	1	9999	2	9998	0001
626       	MIGUEL ANGEL	24008	24008	00024	1	9999	2	9998	0001
627       	MIGUEL BRAVO	24009	24009	00024	1	9999	2	9998	0001
628       	MIGUEL DE UNAMUNO	24009	24009	00024	1	9999	2	9998	0001
629       	MIGUEL FLOREZ	24009	24009	00024	1	9999	2	9998	0001
630       	MIGUEL HERNANDEZ	24009	24009	00024	1	9999	2	9998	0001
631       	MIGUEL ZAERA	24007	24007	00024	1	9999	2	9998	0001
632       	MILLAN ASTRAY	24009	24009	00024	1	9999	2	9998	0001
633       	MINERO, EL	24010	24010	00024	1	9999	2	9998	0001
634       	MIRADOR DE LA CRUZ, URBANIZACIÓN	24010	24010	00024	1	9999	2	9998	0001
635       	MIRAELRIO	24005	24005	00024	1	9999	2	9998	0001
636       	MIRAVALLES	24008	24008	00024	1	9999	2	9998	0001
638       	MISERICORDIA	24003	24003	00024	1	9999	2	9998	0001
639       	MISERICORDIA (TROBAJO)	24010	24010	00024	1	9999	2	9998	0001
640       	MODESTO LAFUENTE	24004	24004	00024	1	9999	2	9998	0001
641       	MOISES DE LEON	24006	24006	00024	1	9999	2	9998	0001
642       	MOLINERA, LA	24009	24009	00024	1	9999	2	9998	0001
643       	MOLINO DEL PARQUE	24005	24005	00024	1	9999	2	9998	0001
644       	MOLINO, EL	24010	24010	00024	1	9999	2	9998	0001
645       	MONASTERIO	24004	24004	00024	1	9999	2	9998	0001
646       	MONJA ETHERIA	24007	24007	00024	1	9999	2	9998	0001
647       	MONJE FLORENCIO	24006	24006	00024	1	9999	2	9998	0001
648       	MONJE SANCHO	24006	24006	00024	1	9999	2	9998	0001
649       	MONSEÑOR TURRADO	24005	24005	00024	1	9999	2	9998	0001
650       	MONTE CORONA	24008	24008	00024	1	9999	2	9998	0001
651       	MONTE DE PIEDAD	24008	24008	00024	1	9999	2	9998	0001
652       	MONTE DEL SILENCIO	24008	24008	00024	1	9999	2	9998	0001
653       	MONTEIROS	24008	24008	00024	1	9999	2	9998	0001
654       	MONTEJOS	24010	24010	00024	1	9999	2	9998	0001
655       	MONTERIA, LA	24008	24008	00024	1	9999	2	9998	0001
656       	MOÑAS	24008	24008	00024	1	9999	2	9998	0001
657       	MULHACIN	24003	24003	00024	1	9999	2	9998	0001
658       	MURIAS DE PAREDES	24006	24006	00024	1	9999	2	9998	0001
660       	NARDOS, LOS	24010	24010	00024	1	9999	2	9998	0001
661       	NAZARET	24008	24008	00024	1	9999	2	9998	0001
662       	NEPTUNO	24010	24010	00024	1	9999	2	9998	0001
663       	NOCEDO, AVENIDA	24007	24007	00024	1	9999	2	9998	0001
664       	NORIA, LA	24010	24010	00024	1	9999	2	9998	0001
665       	NUEVA	24010	24010	00024	1	9999	2	9998	0001
666       	NUEVA (OTERUELO)	24009	24009	00024	1	9999	2	9998	0001
667       	NUEVA (VILLACEDRE)	24009	24009	00024	1	9999	2	9998	0001
668       	NUEVE DE FEBRERO	24005	24005	00024	1	9999	2	9998	0001
669       	NUÑEZ DE BALBOA	24006	24006	00024	1	9999	2	9998	0001
670       	NUÑEZ DE GUZMAN	24008	24008	00024	1	9999	2	9998	0001
671       	OBISPO ALMARCHA	24006	24006	00024	1	9999	2	9998	0001
673       	OBISPO CUADRILLERO	24007	24007	00024	1	9999	2	9998	0001
674       	OBISPO INOCENCIO RODRIGUEZ	24009	24009	00024	1	9999	2	9998	0001
675       	OBISPO MANRIQUE	24004	24004	00024	1	9999	2	9998	0001
676       	OBISPO PANDURO	24006	24006	00024	1	9999	2	9998	0001
677       	OCTAVIO ALVAREZ CARBALLO	24004	24004	00024	1	9999	2	9998	0001
679       	OLIMPICA	24010	24010	00024	1	9999	2	9998	0001
682       	OLLERIA	24008	24008	00024	1	9999	2	9998	0001
680       	OLMO	24010	24010	00024	1	9999	2	9998	0001
681       	OLMOS	24008	24008	00024	1	9999	2	9998	0001
683       	OMAÑA	24010	24010	00024	1	9999	2	9998	0001
684       	ORBIGO	24010	24010	00024	1	9999	2	9998	0001
685       	ORDOÑO II	24001	24001	00024	1	9999	2	9998	0001
686       	ORDOÑO III	24007	24007	00024	1	9999	2	9998	0001
687       	ORDOÑO IV EL MALO	24003	24003	00024	1	9999	2	9998	0001
688       	ORION	24005	24005	00024	1	9999	2	9998	0001
689       	OROZCO	24009	24009	00024	1	9999	2	9998	0001
690       	ORQUIDEA	24010	24010	00024	1	9999	2	9998	0001
691       	ORTIGAL	24010	24010	00024	1	9999	2	9998	0001
692       	ORUGO	24010	24010	00024	1	9999	2	9998	0001
693       	OSORIOS, LOS	24007	24007	00024	1	9999	2	9998	0001
695       	OVIEDO	24008	24008	00024	1	9999	2	9998	0001
696       	PABLO DIEZ	24009	24009	00024	1	9999	2	9998	0001
697       	PABLO FLOREZ	24003	24003	00024	1	9999	2	9998	0001
698       	PABLO IGLESIAS	24008	24008	00024	1	9999	2	9998	0001
699       	PABLO NERUDA	24009	24009	00024	1	9999	2	9998	0001
700       	PADRE AMPUDIA	24008	24008	00024	1	9999	2	9998	0001
701       	PADRE ANICETO FERNANDEZ	24009	24009	00024	1	9999	2	9998	0001
702       	PADRE ARINTERO	24001	24001	00024	1	9999	2	9998	0001
703       	PADRE CESAR MORAN	24008	24008	00024	1	9999	2	9998	0001
704       	PADRE COLL	24010	24010	00024	1	9999	2	9998	0001
705       	PADRE ESCALONA	24008	24008	00024	1	9999	2	9998	0001
706       	PADRE GARCIA VILLADA	24008	24008	00024	1	9999	2	9998	0001
707       	PADRE GETINO	24007	24007	00024	1	9999	2	9998	0001
708       	PADRE GREGORIO	24008	24008	00024	1	9999	2	9998	0001
709       	PADRE ISLA	24002	24002	00024	1	9999	2	9998	0001
712       	PADRE LLORENTE	24008	24008	00024	1	9999	2	9998	0001
711       	PADRE LOBERA	24007	24007	00024	1	9999	2	9998	0001
713       	PADRE MANJON	24009	24009	00024	1	9999	2	9998	0001
714       	PADRE RISCO	24007	24007	00024	1	9999	2	9998	0001
715       	PADRE VITORIA	24008	24008	00024	1	9999	2	9998	0001
716       	PAJERA, LA	24010	24010	00024	1	9999	2	9998	0001
717       	PALACIO VALDES	24008	24008	00024	1	9999	2	9998	0001
718       	PALENCIA, AVENIDA	24009	24009	00024	1	9999	2	9998	0001
719       	PALOMA	24003	24003	00024	1	9999	2	9998	0001
720       	PALOMARES	24009	24009	00024	1	9999	2	9998	0001
721       	PALOMERA	24007	24007	00024	1	9999	2	9998	0001
722       	PALOMERA CENTRO, ROTONDA	24007	24007	00024	1	9999	2	9998	0001
723       	PANADEROS	24006	24006	00024	1	9999	2	9998	0001
724       	PANDERRUEDAS	24005	24005	00024	1	9999	2	9998	0001
725       	PANDETRAVE	24008	24008	00024	1	9999	2	9998	0001
726       	PAPA JUAN XXIII	24009	24009	00024	1	9999	2	9998	0001
727       	PAPA LEON XIII	24009	24009	00024	1	9999	2	9998	0001
729       	PAPEL, CAMINO DEL	24010	24010	00024	1	9999	2	9998	0001
730       	PARAMO	24006	24006	00024	1	9999	2	9998	0001
731       	PARAMO LEONES	24010	24010	00024	1	9999	2	9998	0001
732       	PARDO BAZAN	24009	24009	00024	1	9999	2	9998	0001
733       	PARIS	24005	24005	00024	1	9999	2	9998	0001
734       	PARQUE (SAN ANDRES)	24010	24010	00024	1	9999	2	9998	0001
735       	PARQUE INFANTIL	24004	24004	00024	1	9999	2	9998	0001
736       	PARQUE JUAN MORANO	24002	24002	00024	1	9999	2	9998	0001
738       	PARRA, LA	24010	24010	00024	1	9999	2	9998	0001
739       	PARRA, TRAVESÍA	24010	24010	00024	1	9999	2	9998	0001
740       	PARROCO GREGORIO BOÑAR	24010	24010	00024	1	9999	2	9998	0001
741       	PARROCO HERIBERTO AMPUDIA CABALLERO	24010	24010	00024	1	9999	2	9998	0001
742       	PARROCO PABLO DIEZ	24010	24010	00024	1	9999	2	9998	0001
743       	PASION	24010	24010	00024	1	9999	2	9998	0001
744       	PASO	24003	24003	00024	1	9999	2	9998	0001
745       	PASO, EL (TROBAJO)	24010	24010	00024	1	9999	2	9998	0001
746       	PAZ	24005	24005	00024	1	9999	2	9998	0001
747       	PAZ, LA (VILLACEDRE)	24009	24009	00024	1	9999	2	9998	0001
748       	PEDRO CEBRIAN	24006	24006	00024	1	9999	2	9998	0001
749       	PEDRO CIEZA	24008	24008	00024	1	9999	2	9998	0001
750       	PEDRO DE DIOS	24008	24008	00024	1	9999	2	9998	0001
751       	PEDRO DE VECILLA	24009	24009	00024	1	9999	2	9998	0001
753       	PELAYUELO	24007	24007	00024	1	9999	2	9998	0001
754       	PELETERO	24010	24010	00024	1	9999	2	9998	0001
755       	PELIGROS	24007	24007	00024	1	9999	2	9998	0001
756       	PENDON DE BAEZA	24006	24006	00024	1	9999	2	9998	0001
757       	PENETRACION, VÍA DE	24005	24005	00024	1	9999	2	9998	0001
758       	PEÑA	24010	24010	00024	1	9999	2	9998	0001
759       	PEÑA BEJANDE	24008	24008	00024	1	9999	2	9998	0001
760       	PEÑA BLANCA	24008	24008	00024	1	9999	2	9998	0001
761       	PEÑA CASTRO	24008	24008	00024	1	9999	2	9998	0001
762       	PEÑA CINCHO	24008	24008	00024	1	9999	2	9998	0001
763       	PEÑA CORADA	24008	24008	00024	1	9999	2	9998	0001
764       	PEÑA CUERVO	24008	24008	00024	1	9999	2	9998	0001
765       	PEÑA ERCINA	24008	24008	00024	1	9999	2	9998	0001
766       	PEÑA LABRA	24008	24008	00024	1	9999	2	9998	0001
767       	PEÑA LAMPA	24008	24008	00024	1	9999	2	9998	0001
768       	PEÑA LARZON	24008	24008	00024	1	9999	2	9998	0001
770       	PEÑA NIAJO	24008	24008	00024	1	9999	2	9998	0001
771       	PEÑA PINTA	24008	24008	00024	1	9999	2	9998	0001
772       	PEÑA PRIETA	24008	24008	00024	1	9999	2	9998	0001
773       	PEÑA SANTA	24008	24008	00024	1	9999	2	9998	0001
774       	PEÑA TREVINCA	24008	24008	00024	1	9999	2	9998	0001
775       	PEÑA UBIÑA	24008	24008	00024	1	9999	2	9998	0001
776       	PEÑA VIEJA	24008	24008	00024	1	9999	2	9998	0001
777       	PEÑALBA	24008	24008	00024	1	9999	2	9998	0001
778       	PERALES	24007	24007	00024	1	9999	2	9998	0001
779       	PERDIZ	24009	24009	00024	1	9999	2	9998	0001
780       	PEREGRINOS	24008	24008	00024	1	9999	2	9998	0001
781       	PEREGRINOS (TROBAJO)	24010	24010	00024	1	9999	2	9998	0001
782       	PEREZ CRESPO	24002	24002	00024	1	9999	2	9998	0001
784       	PETUNIA	24010	24010	00024	1	9999	2	9998	0001
785       	PICADOR	24010	24010	00024	1	9999	2	9998	0001
786       	PICARA JUSTINA, PLAZA	24004	24004	00024	1	9999	2	9998	0001
787       	PICO AGUJAS	24008	24008	00024	1	9999	2	9998	0001
788       	PILOTOS REGUERAL	24002	24002	00024	1	9999	2	9998	0001
789       	PIO XI (TROBAJO)	24010	24010	00024	1	9999	2	9998	0001
790       	PIO XII	24006	24006	00024	1	9999	2	9998	0001
791       	PIZARRO	24008	24008	00024	1	9999	2	9998	0001
792       	PLACIDO HERRERO DE PRADO	24007	24007	00024	1	9999	2	9998	0001
793       	PLANETAS	24010	24010	00024	1	9999	2	9998	0001
794       	PLATA	24003	24003	00024	1	9999	2	9998	0001
796       	PLEGARIA	24003	24003	00024	1	9999	2	9998	0001
797       	PLUTON	24010	24010	00024	1	9999	2	9998	0001
798       	POLICARPO MINGOTE	24008	24008	00024	1	9999	2	9998	0001
799       	POLIGONO SAN ROQUE	24009	24009	00024	1	9999	2	9998	0001
800       	PONCE DE MINERVA	24003	24003	00024	1	9999	2	9998	0001
801       	PONFERRADA	24008	24008	00024	1	9999	2	9998	0001
802       	PONJAL	24010	24010	00024	1	9999	2	9998	0001
803       	PONJOS	24008	24008	00024	1	9999	2	9998	0001
804       	PONTON	24007	24007	00024	1	9999	2	9998	0001
805       	PONTONA	24010	24010	00024	1	9999	2	9998	0001
806       	PORMA	24010	24010	00024	1	9999	2	9998	0001
807       	PORTOCARRERO	24008	24008	00024	1	9999	2	9998	0001
809       	POZO	24003	24003	00024	1	9999	2	9998	0001
810       	PRADERA, LA	24010	24010	00024	1	9999	2	9998	0001
811       	PRADOS DE LUNA	24010	24010	00024	1	9999	2	9998	0001
812       	PRESA	24010	24010	00024	1	9999	2	9998	0001
813       	PRESA, CALLEJÓN DE LA	24010	24010	00024	1	9999	2	9998	0001
814       	PRESILLAS, LAS	24010	24010	00024	1	9999	2	9998	0001
815       	PRIMERO DE MAYO	24008	24008	00024	1	9999	2	9998	0001
816       	PRINCESA, LA	24010	24010	00024	1	9999	2	9998	0001
817       	PRINCIPE DE ASTURIAS	24007	24007	00024	1	9999	2	9998	0001
818       	PRINCIPE, EL	24010	24010	00024	1	9999	2	9998	0001
819       	PROFESOR CORDERO DEL CAMPILLO	24010	24010	00024	1	9999	2	9998	0001
820       	PROGRESO	24005	24005	00024	1	9999	2	9998	0001
821       	PROVINCIAS, LAS	24010	24010	00024	1	9999	2	9998	0001
822       	PUENTE DIEGO YUSTE	24005	24005	00024	1	9999	2	9998	0001
823       	PUENTECILLA, LA	24005	24005	00024	1	9999	2	9998	0001
825       	PUERTA DE LA REINA	24003	24003	00024	1	9999	2	9998	0001
826       	PUERTA MONEDA	24003	24003	00024	1	9999	2	9998	0001
827       	PUERTA OBISPO, PLAZA	24006	24006	00024	13	9999	12	9998	0001
828       	PUERTA OBISPO, PLAZA	24007	24007	00024	1	11	2	10	0001
829       	PUERTA PANDO	24008	24008	00024	1	9999	2	9998	0001
830       	PUERTA SOL	24003	24003	00024	1	9999	2	9998	0001
831       	QUEBRANTOS	24009	24009	00024	1	9999	2	9998	0001
832       	QUEVEDO, AVENIDA	24009	24009	00024	1	9999	2	9998	0001
833       	QUINTANA, AVENIDA DE	24010	24010	00024	1	9999	2	9998	0001
834       	QUINTANILLA, PASEO	24007	24007	00024	1	9999	2	9998	0001
835       	QUIÑONES DE LEON	24009	24009	00024	1	9999	2	9998	0001
836       	RAFAEL MARIA DE LABRA	24002	24002	00024	1	9999	2	9998	0001
837       	RAIMUNDO LULIO	24010	24010	00024	1	9999	2	9998	0001
838       	RAIMUNDO RODRIGUEZ	24006	24006	00024	1	9999	2	9998	0001
839       	RAMIRO II	24004	24004	00024	1	9999	2	9998	0001
841       	RAMIRO VALBUENA	24001	24001	00024	1	9999	2	9998	0001
842       	RAMÓN ALVAREZ DE LA BRAÑA	24001	24001	00024	1	9999	2	9998	0001
843       	RAMON CALABOZO	24009	24009	00024	1	9999	2	9998	0001
844       	RAMON Y CAJAL	24002	24002	00024	1	9999	2	9998	0001
845       	RAÑADOIRO	24008	24008	00024	1	9999	2	9998	0001
846       	RAPOSERA, LA	24010	24010	00024	1	9999	2	9998	0001
847       	RAPOSERA, PLAZA	24010	24010	00024	1	9999	2	9998	0001
849       	REAL (SAN ANDRES)	24010	24010	00024	1	9999	2	9998	0001
850       	REAL (VILLACEDRE)	24009	24009	00024	1	9999	2	9998	0001
851       	REAL, AVENIDA	24006	24006	00024	1	9999	2	9998	0001
852       	REALES	24010	24010	00024	1	9999	2	9998	0001
853       	REBOLLAR	24008	24008	00024	1	9999	2	9998	0001
854       	REBOLLO	24007	24007	00024	1	9999	2	9998	0001
855       	RECOLETAS	24003	24003	00024	1	9999	2	9998	0001
856       	REGIMINETO DEL SOL	24006	24006	00024	1	9999	2	9998	0001
857       	REGLA, PLAZA	24003	24003	00024	1	9999	2	9998	0001
858       	REGUERO	24010	24010	00024	1	9999	2	9998	0001
859       	REINA DOÑA SANCHA	24009	24009	00024	1	9999	2	9998	0001
860       	REINA Y SANTA	24008	24008	00024	1	9999	2	9998	0001
861       	REINA ZAIDA	24007	24007	00024	1	9999	2	9998	0001
862       	REINO DE LEON, AVENIDA	24006	24006	00024	1	9999	2	9998	0001
864       	RELOJERO LOSADA	24009	24009	00024	1	9999	2	9998	0001
865       	RENUEVA	24002	24002	00024	1	9999	2	9998	0001
866       	RENUEVA, PARTICULAR	24002	24002	00024	1	9999	2	9998	0001
867       	REPUBLICA ARGENTINA, AVENIDA	24004	24004	00024	1	9999	2	9998	0001
868       	REPUBLICA DE CUBA	24010	24010	00024	1	9999	2	9998	0001
869       	REPUBLICA DE MEXICO	24010	24010	00024	1	9999	2	9998	0001
870       	REPUBLICA DE NICARAGUA	24010	24010	00024	1	9999	2	9998	0001
871       	REPUBLICA DE PERU	24010	24010	00024	1	9999	2	9998	0001
872       	REPUBLICA EL SALVADOR	24010	24010	00024	1	9999	2	9998	0001
874       	REY MONJE	24005	24005	00024	1	9999	2	9998	0001
875       	REYES CATOLICOS	24007	24007	00024	1	9999	2	9998	0001
876       	REYES LEONESES, LOS	24008	24008	00024	1	9999	2	9998	0001
877       	RIA DE AROSA	24009	24009	00024	1	9999	2	9998	0001
878       	RIA DE MUROS	24009	24009	00024	1	9999	2	9998	0001
879       	RIA DE VIGO	24009	24009	00024	1	9999	2	9998	0001
880       	RIA DEL BARQUERO	24009	24009	00024	1	9999	2	9998	0001
881       	RIAÑO, PLAZA	24003	24003	00024	1	9999	2	9998	0001
882       	RINCON	24005	24005	00024	1	9999	2	9998	0001
883       	RINCON DEL SOL	24010	24010	00024	1	9999	2	9998	0001
884       	RINCONADA DEL CONDE	24003	24003	00024	1	9999	2	9998	0001
885       	RINCONADA VALENTIN GONZALEZ	24003	24003	00024	1	9999	2	9998	0001
886       	RIO SILVAN	24010	24010	00024	1	9999	2	9998	0001
888       	RIO VALDUEZA	24010	24010	00024	1	9999	2	9998	0001
889       	RIOSOL	24010	24010	00024	1	9999	2	9998	0001
890       	ROA DE LA VEGA	24001	24001	00024	19	9999	16	9998	0001
891       	ROA DE LA VEGA	24002	24002	00024	1	17	2	14	0001
892       	ROBLES, LOS	24007	24007	00024	1	9999	2	9998	0001
893       	ROCINANTE	24005	24005	00024	1	9999	2	9998	0001
894       	RODERA (ARMUNIA)	24009	24009	00024	1	9999	2	9998	0001
895       	RODERA (SAN ANDRES), CAMINO	24010	24010	00024	1	9999	2	9998	0001
896       	RODERA, CAMINO	24010	24010	00024	1	9999	2	9998	0001
897       	RODOLFO MARTIN VILLA	24010	24010	00024	1	9999	2	9998	0001
898       	RODRIGUEZ DEL VALLE	24002	24002	00024	1	9999	2	9998	0001
899       	ROLLO DE SANTA ANA	24006	24006	00024	1	9999	2	9998	0001
900       	ROMA, AVENIDA	24001	24001	00024	1	9999	2	9998	0001
901       	RONDA, PASEO	24008	24008	00024	1	9999	2	9998	0001
902       	ROSA, LA	24010	24010	00024	1	9999	2	9998	0001
903       	ROSALEDA, LA	24007	24007	00024	1	9999	2	9998	0001
904       	ROSALES	24010	24010	00024	1	9999	2	9998	0001
905       	RUA	24003	24003	00024	1	9999	2	9998	0001
906       	RUA (TROBAJO)	24010	24010	00024	1	9999	2	9998	0001
907       	RUBEN DARIO	24009	24009	00024	1	9999	2	9998	0001
908       	RUBIANA, LA	24005	24005	00024	1	9999	2	9998	0001
909       	RUIZ DE SALAZAR	24002	24002	00024	1	9999	2	9998	0001
910       	SACRAMENTO	24003	24003	00024	1	9999	2	9998	0001
911       	SAENZ DE MIERA, PASEO	24009	24009	00024	1	9999	2	9998	0001
912       	SAGITARIO	24005	24005	00024	1	9999	2	9998	0001
913       	SAHAGUN	24009	24009	00024	1	9999	2	9998	0001
916       	SALAMANCA, PASEO	24009	24009	00024	1	43	2	44	0001
915       	SALAMANCA, PASEO	24010	24010	00024	45	9999	46	9998	0001
917       	SALON	24010	24010	00024	1	9999	2	9998	0001
918       	SALVADOR DEL NIDO, PLAZA	24006	24006	00024	1	9999	2	9998	0001
919       	SAMPIRO	24001	24001	00024	1	9999	2	9998	0001
920       	SAN AGUSTIN	24001	24001	00024	1	9999	2	9998	0001
921       	SAN ALVITO	24003	24003	00024	1	9999	2	9998	0001
922       	SAN ANDRES	24010	24010	00024	1	9999	2	9998	0001
923       	SAN ANDRES, AVENIDA	24009	24009	00024	1	15	0	0	0001
924       	SAN ANDRES, AVENIDA	24010	24010	00024	17	9999	2	9998	0001
925       	SAN ANDRES, CARRETERA	24010	24010	00024	1	9999	2	9998	0001
926       	SAN ANTONIO	24008	24008	00024	1	9999	2	9998	0001
927       	SAN ANTONIO (VILLACEDRE)	24009	24009	00024	1	9999	2	9998	0001
928       	SAN CARLOS BORROMEO	24006	24006	00024	1	9999	2	9998	0001
929       	SAN CLAUDIO	24004	24004	00024	1	9999	2	9998	0001
930       	SAN CRISTOBAL	24009	24009	00024	1	9999	2	9998	0001
931       	SAN ELOY	24009	24009	00024	1	9999	2	9998	0001
932       	SAN ESTEBAN	24008	24008	00024	1	9999	2	9998	0001
933       	SAN FRANCISCO	24003	24003	00024	1	9999	2	9998	0001
934       	SAN FRANCISCO, PLAZA	24004	24004	00024	1	9999	2	9998	0001
935       	SAN FROILAN, AVENIDA	24005	24005	00024	1	9999	2	9998	0001
936       	SAN FRUCTUOSO	24007	24007	00024	1	9999	2	9998	0001
937       	SAN GIL	24006	24006	00024	1	9999	2	9998	0001
939       	SAN GUILLERMO	24006	24006	00024	1	9999	2	9998	0001
940       	SAN GUISAN	24003	24003	00024	1	9999	2	9998	0001
941       	SAN IGNACIO DE LOYOLA, AVENIDA	24010	24010	00024	1	9999	2	9998	0001
942       	SAN ISIDORO, PLAZA	24003	24003	00024	1	9999	2	9998	0001
943       	SAN ISIDRO	24010	24010	00024	1	9999	2	9998	0001
944       	SAN ISIDRO (VILLACEDRE)	24009	24009	00024	1	9999	2	9998	0001
945       	SAN ISIDRO, CAMINO	24010	24010	00024	1	9999	2	9998	0001
946       	SAN JOSE	24010	24010	00024	1	9999	2	9998	0001
947       	SAN JOSE (ARMUNIA)	24009	24009	00024	1	9999	2	9998	0001
948       	SAN JUAN	24006	24006	00024	1	9999	2	9998	0001
949       	SAN JUAN BOSCO	24009	24009	00024	1	9999	2	9998	0001
950       	SAN JUAN DE DIOS	24007	24007	00024	1	9999	2	9998	0001
951       	SAN JUAN DE LA CRUZ	24007	24007	00024	1	9999	2	9998	0001
953       	SAN JUAN DE SAHAGUN, AVENIDA	24007	24007	00024	1	9999	2	9998	0001
954       	SAN LEANDRO	24006	24006	00024	1	9999	2	9998	0001
955       	SAN LORENZO	24007	24007	00024	1	9999	2	9998	0001
957       	SAN MAMES, AVENIDA	24007	24007	00024	1	9999	2	9998	0001
960       	SAN MARCELO, PLAZA	24002	24002	00024	3	5	4	6	0001
958       	SAN MARCELO, PLAZA	24003	24003	00024	0	0	0	0	0001
959       	SAN MARCELO, PLAZA	24003	24003	00024	7	9999	8	9998	0001
961       	SAN MARCOS, PLAZA	24001	24001	00024	1	7	2	4	0001
962       	SAN MARCOS, PLAZA	24002	24002	00024	9	9999	6	9998	0001
963       	SAN MARTIN	24010	24010	00024	1	9999	2	9998	0001
964       	SAN MARTIN, PLAZA	24003	24003	00024	1	9999	2	9998	0001
965       	SAN MATEO	24006	24006	00024	1	9999	2	9998	0001
966       	SAN MAURICIO	24007	24007	00024	1	9999	2	9998	0001
967       	SAN NICOLAS	24009	24009	00024	1	9999	2	9998	0001
968       	SAN PABLO	24006	24006	00024	1	9999	2	9998	0001
969       	SAN PEDRO	24007	24007	00024	1	9999	2	9998	0001
970       	SAN PEDRO DEL CASTRO	24005	24005	00024	1	9999	2	9998	0001
971       	SAN PELAYO	24003	24003	00024	1	9999	2	9998	0001
973       	SAN RAIMUNDO DE PEÑAFORT	24009	24009	00024	1	9999	2	9998	0001
974       	SAN ROQUE (ARMUNIA)	24009	24009	00024	1	9999	2	9998	0001
975       	SAN VICENTE DE PAUL	24007	24007	00024	1	9999	2	9998	0001
976       	SAN VICENTE MARTIR	24004	24004	00024	1	9999	2	9998	0001
977       	SANCHO EL GORDO	24009	24009	00024	1	9999	2	9998	0001
978       	SANCHO ORDOÑEZ	24007	24007	00024	1	9999	2	9998	0001
979       	SANTA ANA	24003	24003	00024	0	0	24	9998	0001
980       	SANTA ANA	24006	24006	00024	1	9999	2	22	0001
981       	SANTA ANA, PLAZA	24003	24003	00024	1	9999	2	9998	0001
982       	SANTA CLARA	24002	24002	00024	1	9999	2	9998	0001
983       	SANTA CRUZ	24003	24003	00024	1	9999	2	9998	0001
984       	SANTA ENGRACIA	24008	24008	00024	1	9999	2	9998	0001
985       	SANTA MARIA DEL CAMINO, PLAZA	24003	24003	00024	1	9999	2	9998	0001
986       	SANTA MARINA	24003	24003	00024	1	9999	2	9998	0001
987       	SANTA NONIA	24003	24003	00024	1	9999	2	9998	0001
988       	SANTA OLAJA	24005	24005	00024	1	9999	2	9998	0001
989       	SANTA TERESA DE JESUS	24007	24007	00024	1	9999	2	9998	0001
991       	SANTIAGO	24006	24006	00024	1	9999	2	9998	0001
992       	SANTIAGO APOSTOL (TROBAJO)	24010	24010	00024	1	9999	2	9998	0001
993       	SANTIESTEBAN Y OSORIO	24004	24004	00024	1	9999	2	9998	0001
994       	SANTO DOMINGO (SAN ANDRES), PLAZA	24010	24010	00024	1	9999	2	9998	0001
995       	SANTO DOMINGO, PLAZA	24001	24001	00024	0	0	0	0	0001
997       	SANTO DOMINGO, PLAZA	24002	24002	00024	5	9999	6	9998	0001
996       	SANTO DOMINGO, PLAZA	24003	24003	00024	1	3	0	0	0001
998       	SANTO MARTINO, PLAZA	24003	24003	00024	1	9999	2	9998	0001
999       	SANTO TIRSO	24006	24006	00024	1	9999	2	9998	0001
1000      	SANTO TOMAS	24005	24005	00024	1	9999	2	9998	0001
1001      	SANTO TORIBIO DE MOGROVEJO	24006	24006	00024	1	9999	2	9998	0001
1002      	SANTOCILDES	24007	24007	00024	1	9999	2	9998	0001
1003      	SANTOS OLIVERA	24005	24005	00024	1	9999	2	9998	0001
1004      	SANTOS OVEJERO	24008	24008	00024	1	9999	2	9998	0001
1005      	SANTOVENIA, CARRETERA	24009	24009	00024	1	9999	2	9998	0001
1007      	SEBES	24010	24010	00024	1	9999	2	9998	0001
1008      	SEGOVIA	24007	24007	00024	1	9999	2	9998	0001
1010      	SELLA	24010	24010	00024	1	9999	2	9998	0001
1009      	SELMO SAN ANDRES	24010	24010	00024	1	9999	2	9998	0001
1011      	SEMENTALES, CAMINO	24010	24010	00024	1	9999	2	9998	0001
1012      	SENECA	24007	24007	00024	1	9999	2	9998	0001
1014      	SEÑALES, LAS	24008	24008	00024	1	9999	2	9998	0001
1015      	SEÑOR DE BEMBIBRE	24005	24005	00024	1	9999	2	9998	0001
1016      	SEQUILLO	24010	24010	00024	1	9999	2	9998	0001
1017      	SERNA	24007	24007	00024	1	9999	2	9998	0001
1018      	SERNA (TROBAJO)	24010	24010	00024	1	9999	2	9998	0001
1019      	SERRADORES	24006	24006	00024	1	9999	2	9998	0001
1020      	SERRANOS	24003	24003	00024	1	9999	2	9998	0001
1021      	SERRANTINA	24008	24008	00024	1	9999	2	9998	0001
1022      	SEVERINO IBAÑEZ, PLAZA	24007	24007	00024	1	9999	2	9998	0001
1023      	SEVILLA	24009	24009	00024	1	9999	2	9998	0001
1024      	SIERRA PAMBLEY	24003	24003	00024	1	9999	2	9998	0001
1025      	SIL	24010	24010	00024	1	9999	2	9998	0001
1026      	SILENCIO	24008	24008	00024	1	9999	2	9998	0001
1028      	SIMON ARIAS	24005	24005	00024	1	9999	2	9998	0001
1029      	SINALOA	24008	24008	00024	1	9999	2	9998	0001
1030      	SIRA SAMPEDRO	24010	24010	00024	1	9999	2	9998	0001
1031      	SIRA SAMPEDRO, PLAZA	24010	24010	00024	1	9999	2	9998	0001
1032      	SOBARRIBA	24002	24002	00024	1	9999	2	9998	0001
1033      	SOL	24010	24010	00024	1	9999	2	9998	0001
1034      	SOL (ARMUNIA)	24009	24009	00024	1	9999	2	9998	0001
1035      	SOTICO, EL	24010	24010	00024	1	9999	2	9998	0001
1036      	SUAREZ EMMA	24006	24006	00024	1	9999	2	9998	0001
1037      	SUERO DE QUIÑONES, AVENIDA	24002	24002	00024	1	9999	2	9998	0001
1038      	SUSARON	24008	24008	00024	1	9999	2	9998	0001
1039      	SUSPIRON	24008	24008	00024	1	9999	2	9998	0001
1040      	TABACALERA	24007	24007	00024	1	9999	2	9998	0001
1041      	TAJO	24010	24010	00024	1	9999	2	9998	0001
1042      	TAMBARON	24008	24008	00024	1	9999	2	9998	0001
1044      	TARIFA (TROBAJO)	24010	24010	00024	1	9999	2	9998	0001
1045      	TEATRO	24003	24003	00024	1	9999	2	9998	0001
1046      	TEJERA, LA	24010	24010	00024	1	9999	2	9998	0001
1047      	TELENO	24008	24008	00024	1	9999	2	9998	0001
1048      	TEMPLARIOS, LOS	24009	24009	00024	1	9999	2	9998	0001
1049      	TENDALES	24009	24009	00024	1	9999	2	9998	0001
1050      	TENIENTE ANDRES GONZALEZ	24005	24005	00024	1	9999	2	9998	0001
1051      	TERCIA	24009	24009	00024	1	9999	2	9998	0001
1052      	TERESA MONJE	24008	24008	00024	1	9999	2	9998	0001
1053      	TIERRA DE CAMPOS	24005	24005	00024	1	9999	2	9998	0001
1054      	TIRSO	24010	24010	00024	1	9999	2	9998	0001
1055      	TIRSO DE MOLINA	24008	24008	00024	1	9999	2	9998	0001
1057      	TIZONA	24009	24009	00024	1	9999	2	9998	0001
1058      	TOMAS MALLO, PLAZA	24005	24005	00024	1	9999	2	9998	0001
1059      	TOPES, LOS	24009	24009	00024	1	9999	2	9998	0001
1060      	TORIO	24010	24010	00024	1	9999	2	9998	0001
1061      	TORRE (SAN ANDRES)	24010	24010	00024	1	9999	2	9998	0001
1062      	TORRE LLAMBRION	24008	24008	00024	1	9999	2	9998	0001
1063      	TORRE, LA	24002	24002	00024	1	9999	2	9998	0001
1064      	TORREJON, EL	24007	24007	00024	1	9999	2	9998	0001
1065      	TORRES DE OMAÑA, PLAZA	24003	24003	00024	1	9999	2	9998	0001
1066      	TORRES QUEVEDO	24009	24009	00024	1	9999	2	9998	0001
1067      	TORRIANO	24004	24004	00024	1	9999	2	9998	0001
1069      	TREMOLINA	24007	24007	00024	1	9999	2	9998	0001
1070      	TREMOR	24010	24010	00024	1	9999	2	9998	0001
1071      	TRES MITRAS	24002	24002	00024	1	9999	2	9998	0001
1072      	TROBAJO DEL CAMINO	24010	24010	00024	0	0	0	0	0001
1073      	TROBAJO-SAN ANDRES, CAMINO	24010	24010	00024	1	9999	2	9998	0001
1074      	TRUCHILLAS	24010	24010	00024	1	9999	2	9998	0001
1075      	TRUEBANO	24010	24010	00024	1	9999	2	9998	0001
1076      	TUEJAR	24010	24010	00024	1	9999	2	9998	0001
1077      	TURRUTALBA	24008	24008	00024	1	9999	2	9998	0001
1078      	UBALDA, CAMINO DE LA	24010	24010	00024	1	9999	2	9998	0001
1079      	UNIVERSIDAD, DE LA	24007	24007	00024	1	9999	2	9998	0001
1080      	UNO DE MAYO	24010	24010	00024	1	9999	2	9998	0001
1081      	URANO	24010	24010	00024	1	9999	2	9998	0001
1083      	URRIELES	24008	24008	00024	1	9999	2	9998	0001
1084      	VALCARCE	24010	24010	00024	1	9999	2	9998	0001
1085      	VALDERIA, LA	24007	24007	00024	1	9999	2	9998	0001
1086      	VALDIVIA	24010	24010	00024	1	9999	2	9998	0001
1087      	VALENCIA DE DON JUAN	24007	24007	00024	1	9999	2	9998	0001
1089      	VALLADOLID	24005	24005	00024	1	9999	2	9998	0001
1090      	VALLE (SAN ANDRES), CAMINO	24010	24010	00024	1	9999	2	9998	0001
1091      	VALLE DE PONJOS	24008	24008	00024	1	9999	2	9998	0001
1092      	VALLE INCLAN	24009	24009	00024	1	9999	2	9998	0001
1093      	VALLE SANTIAGO	24010	24010	00024	1	9999	2	9998	0001
1088      	VALPORQUERO	24007	24007	00024	1	9999	2	9998	0001
1094      	VARILLAS, LAS	24003	24003	00024	1	9999	2	9998	0001
1095      	VAZQUEZ ACUÑA	24005	24005	00024	1	9999	2	9998	0001
1096      	VAZQUEZ DE MELLA	24007	24007	00024	1	9999	2	9998	0001
1097      	VECILLA, LA	24002	24002	00024	1	9999	2	9998	0001
1098      	VEGA	24009	24009	00024	1	9999	2	9998	0001
1099      	VEGA DE INFANZONES	24008	24008	00024	1	9999	2	9998	0001
1100      	VEGAMIAN	24010	24010	00024	1	9999	2	9998	0001
1101      	VEGARADA	24008	24008	00024	1	9999	2	9998	0001
1102      	VEGUILLA, CASAS DE LA	24009	24009	00024	1	9999	2	9998	0001
1103      	VEGUINA	24010	24010	00024	1	9999	2	9998	0001
1104      	VEINTICUATRO DE ABRIL	24004	24004	00024	1	9999	2	9998	0001
1105      	VEINTISEIS DE MAYO	24006	24006	00024	1	9999	2	9998	0001
1107      	VELAZQUEZ	24005	24005	00024	1	9999	2	9998	0001
1108      	VENTANOS	24009	24009	00024	1	9999	2	9998	0001
1109      	VENTAS	24008	24008	00024	1	9999	2	9998	0001
1110      	VENUS	24010	24010	00024	1	9999	2	9998	0001
1111      	VERJA	24008	24008	00024	1	9999	2	9998	0001
1112      	VIA	24010	24010	00024	1	9999	2	9998	0001
1113      	VICTORIA	24010	24010	00024	1	9999	2	9998	0001
1114      	VICTORIANO CREMER (BARRIO LA PALOMERA)	24007	24007	00024	1	9999	2	9998	0001
1115      	VICTORIANO CREMER (BARRIO PINILLA)	24010	24010	00024	1	9999	2	9998	0001
1116      	VICTORIANO DIEZ	24005	24005	00024	1	9999	2	9998	0001
1117      	VICTORIANO MARTINEZ	24005	24005	00024	1	9999	2	9998	0001
1118      	VIDRIEROS, LOS	24006	24006	00024	1	9999	2	9998	0001
1119      	VIENTO, EL	24010	24010	00024	1	9999	2	9998	0001
1121      	VILLA BENAVENTE	24004	24004	00024	1	9999	2	9998	0001
1122      	VILLAESCUSA	24007	24007	00024	1	9999	2	9998	0001
1123      	VILLAFAÑES, LOS	24005	24005	00024	1	9999	2	9998	0001
1124      	VILLAJOAQUINA	24009	24009	00024	1	9999	2	9998	0001
1125      	VILLAPEREZ, PLAZA	24003	24003	00024	1	9999	2	9998	0001
1126      	VILLARREAL	24005	24005	00024	1	9999	2	9998	0001
1128      	VIOLETA	24010	24010	00024	1	9999	2	9998	0001
1129      	VIRGEN (OTERUELO)	24009	24009	00024	1	9999	2	9998	0001
1130      	VIRGEN (SAN ANDRES)	24010	24010	00024	1	9999	2	9998	0001
1131      	VIRGEN BLANCA	24006	24006	00024	1	9999	2	9998	0001
1132      	VIRGEN DE LA VELILLA	24006	24006	00024	1	9999	2	9998	0001
1133      	VIRGEN DE LOS IMPOSIBLES	24009	24009	00024	1	9999	2	9998	0001
1134      	VIRGEN DE LOS IMPOSIBLES, TRAVESÍA	24010	24010	00024	1	9999	2	9998	0001
1135      	VIRGEN DEL CAMINO	24007	24007	00024	1	9999	2	9998	0001
1136      	VIRIATO	24010	24010	00024	1	9999	2	9998	0001
1137      	VISTA ALEGRE	24009	24009	00024	1	9999	2	9998	0001
1138      	VITIGERA	24007	24007	00024	1	9999	2	9998	0001
1139      	VIVA ESPAÑA	24009	24009	00024	1	9999	2	9998	0001
1140      	VIZCONDE, PLAZA	24003	24003	00024	1	9999	2	9998	0001
1142      	YEDRA	24010	24010	00024	1	9999	2	9998	0001
1143      	YORDAS	24008	24008	00024	1	9999	2	9998	0001
1144      	YUSO	24010	24010	00024	1	9999	2	9998	0001
1145      	ZACARIAS SANCHEZ	24010	24010	00024	1	9999	2	9998	0001
1146      	ZAPATERIAS	24003	24003	00024	1	9999	2	9998	0001
1147      	ZARZA, LA	24010	24010	00024	1	9999	2	9998	0001
1148      	ZENIT	24009	24009	00024	1	9999	2	9998	0001
1149      	ZEUS	24010	24010	00024	1	9999	2	9998	0001
1150      	ZORRILLA	24005	24005	00024	1	9999	2	9998	0001
1151      	ZUJAR	24010	24010	00024	1	9999	2	9998	0001
1152      	ZULOAGA	24010	24010	00024	1	9999	2	9998	0001
6         	ABADIA	24002	24002	00024	1	9999	2	9998	0001
19        	ALFONSO DE LA CERDA	24007	24007	00024	1	9999	2	9998	0001
43        	ANTONIO NEBRIJA (BARRIO DE LA SAL)	24009	24009	00024	1	9999	2	9998	0001
70        	AVIADOS	24008	24008	00024	1	9999	2	9998	0001
83        	BANDOS, LOS	24008	24008	00024	1	9999	2	9998	0001
92        	BARTOLOME DE HERRERAS	24005	24005	00024	1	9999	2	9998	0001
109       	BOEZA	24010	24010	00024	1	9999	2	9998	0001
130       	CALLEJON	24010	24010	00024	1	9999	2	9998	0001
140       	CAÑADA, LA	24009	24009	00024	1	9999	2	9998	0001
150       	CARDENAL JACINTO	24005	24005	00024	1	9999	2	9998	0001
166       	CARRIEGOS	24009	24009	00024	1	9999	2	9998	0001
175       	CASTRO SOPEÑA	24008	24008	00024	1	9999	2	9998	0001
185       	CICERON	24010	24010	00024	1	9999	2	9998	0001
203       	COLON	24001	24001	00024	1	9999	2	9998	0001
217       	CONDE DE TORENO	24006	24006	00024	1	9999	2	9998	0001
225       	CONGRESO EUCARISTICO, PLAZA	24004	24004	00024	1	9999	2	9998	0001
243       	CRISANTEMO	24010	24010	00024	1	9999	2	9998	0001
256       	CUETO ALBO	24008	24008	00024	1	9999	2	9998	0001
275       	DEMETRIO VALERO	24008	24008	00024	1	9999	2	9998	0001
291       	DONANTES DE SANGRE	24007	24007	00024	1	9999	2	9998	0001
307       	ELADIO TEJEDOR	24002	24002	00024	1	9999	2	9998	0001
325       	ESCULTOR MARIÑAS	24007	24007	00024	1	9999	2	9998	0001
340       	FAJEROS	24002	24002	00024	1	9999	2	9998	0001
350       	FERNANDEZ LADREDA, AVENIDA	24005	24005	00024	1	77	2	64	0001
367       	FONCEBADON	24008	24008	00024	1	9999	2	9998	0001
375       	FRANCISCO DE VILLAMIZAR	24007	24007	00024	1	9999	2	9998	0001
391       	FUERO	24001	24001	00024	1	9999	2	9998	0001
396       	GALICIA	24010	24010	00024	1	9999	2	9998	0001
410       	GENERAL SANJURJO	24002	24002	00024	0	0	2	9998	0001
426       	GOYA	24008	24008	00024	1	9999	2	9998	0001
439       	GUZMAN EL BUENO, GLORIETA	24004	24004	00024	1	9999	2	9998	0001
456       	IDEAL	24010	24010	00024	1	9999	2	9998	0001
469       	INDUSTRIA (ARMUNIA), PARTICULAR	24009	24009	00024	1	9999	2	9998	0001
488       	JORGE DE MONTEMAYOR	24007	24007	00024	1	9999	2	9998	0001
504       	JUAN DE AUSTRIA, PLAZA	24008	24008	00024	1	9999	2	9998	0001
512       	JUAN DEL ENZINA	24008	24008	00024	1	9999	2	9998	0001
527       	JULIO PUJOL	24009	24009	00024	1	9999	2	9998	0001
533       	LABRADORES, LOS	24005	24005	00024	1	9999	2	9998	0001
548       	LEONOR GUZMAN	24005	24005	00024	1	9999	2	9998	0001
572       	MAESTRO RIVERO	24007	24007	00024	1	9999	2	9998	0001
587       	MARAGATERIA (PINILLA)	24010	24010	00024	1	9999	2	9998	0001
594       	MARIA INMACULADA	24009	24009	00024	1	9999	2	9998	0001
609       	MARTIRES DE SOMIEDO	24008	24008	00024	1	9999	2	9998	0001
624       	MERCURIO	24010	24010	00024	1	9999	2	9998	0001
637       	MIRLO	24010	24010	00024	1	9999	2	9998	0001
659       	MURILLO	24005	24005	00024	1	9999	2	9998	0001
672       	OBISPO ALVAREZ MIRANDA	24009	24009	00024	1	9999	2	9998	0001
678       	ODON ALONSO, PLAZA	24002	24002	00024	1	9999	2	9998	0001
694       	OTERUELO, CAMINO	24010	24010	00024	1	9999	2	9998	0001
710       	PADRE JAVIER DE VALLADOLID	24005	24005	00024	1	9999	2	9998	0001
728       	PAPA PIO XII	24009	24009	00024	1	9999	2	9998	0001
737       	PARQUE, PASEO	24005	24005	00024	1	9999	2	9998	0001
752       	PEDRO PONCE DE LEON	24008	24008	00024	1	9999	2	9998	0001
769       	PEÑA NEGRA	24008	24008	00024	1	9999	2	9998	0001
783       	PEREZ GALDOS	24009	24009	00024	1	9999	2	9998	0001
795       	PLATERIAS	24003	24003	00024	1	9999	2	9998	0001
808       	POSADERA DE ALDONZA	24007	24007	00024	1	9999	2	9998	0001
824       	PUERTA CASTILLO, PLAZA	24003	24003	00024	1	9999	2	9998	0001
840       	RAMIRO III	24003	24003	00024	1	9999	2	9998	0001
848       	RAYA, CAMINO	24009	24009	00024	1	9999	2	9998	0001
863       	REJEROS, LOS	24005	24005	00024	1	9999	2	9998	0001
873       	REY EMPERADOR	24009	24009	00024	1	9999	2	9998	0001
887       	RIO VALDERADUEY	24009	24009	00024	1	9999	2	9998	0001
914       	SAL	24003	24003	00024	1	9999	2	9998	0001
938       	SAN GLORIO	24007	24007	00024	1	9999	2	9998	0001
952       	SAN JUAN DE PRADO	24008	24008	00024	1	9999	2	9998	0001
956       	SAN LORENZO, PLAZA	24007	24007	00024	1	9999	2	9998	0001
972       	SAN RAFAEL	24007	24007	00024	1	9999	2	9998	0001
990       	SANTA TERESA JORNET	24004	24004	00024	1	9999	2	9998	0001
1006      	SATURNO	24010	24010	00024	1	9999	2	9998	0001
1013      	SENTILES	24008	24008	00024	1	9999	2	9998	0001
1027      	SILVERIO FERNÁNDEZ TIRADOR	24007	24007	00024	1	9999	2	9998	0001
1043      	TARIFA	24003	24003	00024	1	9999	2	9998	0001
1056      	TIRSO DE MOLINA (TROBAJO)	24010	24010	00024	1	9999	2	9998	0001
1068      	TRASTAMARA	24003	24003	00024	1	9999	2	9998	0001
1082      	UROGALLO	24009	24009	00024	1	9999	2	9998	0001
1106      	VELASQUITA	24009	24009	00024	1	9999	2	9998	0001
1120      	VIILLAFRANCA	24001	24001	00024	1	9999	2	9998	0001
1127      	VIÑALES	24010	24010	00024	1	9999	2	9998	0001
1141      	WINOCIO TESTERA	24009	24009	00024	1	9999	2	9998	0001
