0000000001	01	%	-1.0		-1.0		-1.0		COAATTEB
0000000002	02	%	-1.0		-1.0		-1.0		COAATTEB
0000000003	03	%	-1.0		-1.0		-1.0		COAATTEB
0000000004	04	%	-1.0		-1.0		-1.0		COAATTEB
0000000005	05	%	-1.0		-1.0		-1.0		COAATTEB
0000000006	11	%	-1.0		-1.0		-1.0		COAATTEB
0000000007	12	%	-1.0		-1.0		-1.0		COAATTEB
0000000008	13	%	-1.0		-1.0		-1.0		COAATTEB
0000000009	14	%	-1.0		-1.0		-1.0		COAATTEB
0000000010	15	%	-1.0		-1.0		-1.0		COAATTEB
0000000011	16	%	-1.0		-1.0		-1.0		COAATTEB
0000000012	17	%	-1.0		-1.0		-1.0		COAATTEB
0000000013	31	%	-1.0		-1.0		-1.0		COAATTEB
0000000014	32	%	-1.0		-1.0		-1.0		COAATTEB
0000000015	33	%	-1.0		-1.0		-1.0		COAATTEB
0000000016	41	%	-1.0		-1.0		-1.0		COAATTEB
0000000017	42	%	-1.0		-1.0		-1.0		COAATTEB
0000000018	43	%	-1.0		-1.0		-1.0		COAATTEB
0000000019	44	%	-1.0		-1.0		-1.0		COAATTEB
0000000020	45	%	-1.0		-1.0		-1.0		COAATTEB
0000000021	46	%	-1.0		-1.0		-1.0		COAATTEB
0000000022	51	%	-1.0		-1.0		-1.0		COAATTEB
0000000023	52	%	-1.0		-1.0		-1.0		COAATTEB
0000000024	53	%	-1.0		-1.0		-1.0		COAATTEB
0000000025	54	%	-1.0		-1.0		-1.0		COAATTEB
0000000026	61	%	-1.0		-1.0		-1.0		COAATTEB
0000000027	62	%	-1.0		-1.0		-1.0		COAATTEB
0000000028	63	%	-1.0		-1.0		-1.0		COAATTEB
0000000029	64	%	-1.0		-1.0		-1.0		COAATTEB
0000000030	65	%	-1.0		-1.0		-1.0		COAATTEB
0000000031	66	%	-1.0		-1.0		-1.0		COAATTEB
0000000032	71	%	-1.0		-1.0		-1.0		COAATTEB
0000000033	72	%	-1.0		-1.0		-1.0		COAATTEB
0000000034	73	%	-1.0		-1.0		-1.0		COAATTEB
0000000035	74	%	-1.0		-1.0		-1.0		COAATTEB
0000000036	75	%	-1.0		-1.0		-1.0		COAATTEB
0000000037	76	%	-1.0		-1.0		-1.0		COAATTEB
0000000038	81	%	-1.0		-1.0		-1.0		COAATTEB
0000000039	82	%	-1.0		-1.0		-1.0		COAATTEB
0000000040	83	%	-1.0		-1.0		-1.0		COAATTEB
0000000041	91	%	-1.0		-1.0		-1.0		COAATTEB
0000000042	92	%	-1.0		-1.0		-1.0		COAATTEB
0000000043	93	%	-1.0		-1.0		-1.0		COAATTEB
0000000044	94	%	-1.0		-1.0		-1.0		COAATTEB
0000000045	95	%	-1.0		-1.0		-1.0		COAATTEB
0000000058	01	%	-1.0		-1.0		-1.0		COAATLR
0000000059	02	%	-1.0		-1.0		-1.0		COAATLR
0000000060	03	%	-1.0		-1.0		-1.0		COAATLR
0000000061	04	%	-1.0		-1.0		-1.0		COAATLR
0000000062	05	%	-1.0		-1.0		-1.0		COAATLR
0000000063	11	%	-1.0		0.0	30000.0	-1.0		COAATLR
0000000064	11	%	-1.0		30001.0	60000.0	-1.0		COAATLR
0000000065	11	%	-1.0		60001.0	10000.0	-1.0		COAATLR
0000000066	11	%	-1.0		100001.0		-1.0		COAATLR
0000000067	12	%	-1.0		0.0	30000.0	-1.0		COAATLR
0000000068	12	%	-1.0		30001.0	60000.0	-1.0		COAATLR
0000000069	12	%	-1.0		60001.0	10000.0	-1.0		COAATLR
0000000070	12	%	-1.0		100001.0		-1.0		COAATLR
0000000071	13	%	-1.0		0.0	30000.0	-1.0		COAATLR
0000000072	13	%	-1.0		30001.0	60000.0	-1.0		COAATLR
0000000073	13	%	-1.0		60001.0	10000.0	-1.0		COAATLR
0000000074	13	%	-1.0		100001.0		-1.0		COAATLR
0000000075	14	%	-1.0		0.0	300000.0	-1.0		COAATLR
0000000076	14	%	-1.0		300001.0	1000000.0	-1.0		COAATLR
0000000077	14	%	-1.0		1000001.0		-1.0		COAATLR
0000000078	31	%	-1.0		-1.0		-1.0		COAATLR
0000000079	32	%	-1.0		-1.0		-1.0		COAATLR
0000000080	33	%	-1.0		-1.0		-1.0		COAATLR
0000000081	15	%	-1.0		0.0	30000.0	-1.0		COAATLR
0000000082	15	%	-1.0		30001.0	60000.0	-1.0		COAATLR
0000000083	15	%	-1.0		60001.0	10000.0	-1.0		COAATLR
0000000084	15	%	-1.0		100001.0		-1.0		COAATLR
0000000085	16	%	-1.0		0.0	30000.0	-1.0		COAATLR
0000000086	16	%	-1.0		30001.0	60000.0	-1.0		COAATLR
0000000087	16	%	-1.0		60001.0	10000.0	-1.0		COAATLR
0000000088	16	%	-1.0		100001.0		-1.0		COAATLR
0000000089	17	%	-1.0		0.0	300000.0	-1.0		COAATLR
0000000090	17	%	-1.0		300001.0	1000000.0	-1.0		COAATLR
0000000091	17	%	-1.0		1000001.0		-1.0		COAATLR
0000000092	41	%	-1.0		-1.0		-1.0		COAATLR
0000000093	42	%	-1.0		-1.0		-1.0		COAATLR
0000000094	62	%	-1.0		-1.0		-1.0		COAATLR
0000000095	63	%	-1.0		-1.0		-1.0		COAATLR
0000000096	65	%	-1.0		-1.0		-1.0		COAATLR
0000000097	66	%	-1.0		-1.0		-1.0		COAATLR
0000000098	61	%	-1.0		-1.0		-1.0		COAATLR
0000000099	64	%	-1.0		-1.0		-1.0		COAATLR
0000000100	71	%	-1.0		-1.0		-1.0		COAATLR
0000000101	72	%	-1.0		-1.0		-1.0		COAATLR
0000000102	73	%	-1.0		-1.0		-1.0		COAATLR
0000000103	74	%	-1.0		-1.0		-1.0		COAATLR
0000000104	75	%	-1.0		-1.0		-1.0		COAATLR
0000000105	91	%	-1.0		-1.0		-1.0		COAATLR
0000000106	92	%	-1.0		-1.0		-1.0		COAATLR
0000000107	93	%	-1.0		-1.0		-1.0		COAATLR
0000000108	94	%	-1.0		-1.0		-1.0		COAATLR
0000000109	95	%	-1.0		-1.0		-1.0		COAATLR
0000000110	81	%	-1.0		-1.0		-1.0		COAATLR
0000000111	82	%	-1.0		-1.0		-1.0		COAATLR
0000000112	83	%	-1.0		-1.0		-1.0		COAATLR
0000000113	01	%	-1.0		-1.0		-1.0		COAATNA
0000000114	02	%	-1.0		-1.0		-1.0		COAATNA
0000000115	03	%	-1.0		-1.0		-1.0		COAATNA
0000000116	04	%	-1.0		-1.0		-1.0		COAATNA
0000000117	05	%	-1.0		-1.0		-1.0		COAATNA
0000000118	11	%	-1.0		0.0	60000.0	-1.0		COAATNA
0000000119	11	%	-1.0		60001.0	150000.0	-1.0		COAATNA
0000000120	11	%	-1.0		150001.0	300000.0	-1.0		COAATNA
0000000121	11	%	-1.0		300001.0		-1.0		COAATNA
0000000122	12	%	-1.0		0.0	60000.0	-1.0		COAATNA
0000000123	12	%	-1.0		60001.0	150000.0	-1.0		COAATNA
0000000124	12	%	-1.0		150001.0	300000.0	-1.0		COAATNA
0000000125	12	%	-1.0		300001.0		-1.0		COAATNA
0000000126	13	%	-1.0		0.0	60000.0	-1.0		COAATNA
0000000127	13	%	-1.0		60001.0	150000.0	-1.0		COAATNA
0000000128	13	%	-1.0		150001.0	300000.0	-1.0		COAATNA
0000000129	13	%	-1.0		300001.0		-1.0		COAATNA
0000000130	14	%	-1.0		0.0	300000.0	-1.0		COAATNA
0000000131	14	%	-1.0		300001.0	1000000.0	-1.0		COAATNA
0000000132	14	%	-1.0		1000001.0		-1.0		COAATNA
0000000133	15	%	-1.0		0.0	60000.0	-1.0		COAATNA
0000000134	15	%	-1.0		60001.0	150000.0	-1.0		COAATNA
0000000135	15	%	-1.0		150001.0	300000.0	-1.0		COAATNA
0000000136	15	%	-1.0		300001.0		-1.0		COAATNA
0000000137	16	%	-1.0		0.0	60000.0	-1.0		COAATNA
0000000138	16	%	-1.0		60001.0	150000.0	-1.0		COAATNA
0000000139	16	%	-1.0		150001.0	300000.0	-1.0		COAATNA
0000000140	16	%	-1.0		300001.0		-1.0		COAATNA
0000000141	17	%	-1.0		0.0	300000.0	-1.0		COAATNA
0000000142	17	%	-1.0		300001.0	1000000.0	-1.0		COAATNA
0000000143	17	%	-1.0		1000001.0		-1.0		COAATNA
0000000144	31	%	-1.0		0.0	300000.0	-1.0		COAATNA
0000000145	31	%	-1.0		300001.0	1000000.0	-1.0		COAATNA
0000000146	31	%	-1.0		1000001.0		-1.0		COAATNA
0000000147	32	%	-1.0		0.0	300000.0	-1.0		COAATNA
0000000148	32	%	-1.0		300001.0	1000000.0	-1.0		COAATNA
0000000149	32	%	-1.0		1000001.0		-1.0		COAATNA
0000000150	33	%	-1.0		0.0	300000.0	-1.0		COAATNA
0000000151	33	%	-1.0		300001.0	1000000.0	-1.0		COAATNA
0000000152	33	%	-1.0		1000001.0		-1.0		COAATNA
0000000153	41	%	-1.0		-1.0		-1.0		COAATNA
0000000154	42	%	-1.0		-1.0		-1.0		COAATNA
0000000155	43	%	-1.0		-1.0		-1.0		COAATNA
0000000156	44	%	-1.0		-1.0		-1.0		COAATNA
0000000157	45	%	-1.0		-1.0		-1.0		COAATNA
0000000158	46	%	-1.0		-1.0		-1.0		COAATNA
0000000159	51	%	-1.0		-1.0		-1.0		COAATNA
0000000160	52	%	-1.0		-1.0		-1.0		COAATNA
0000000161	53	%	-1.0		-1.0		-1.0		COAATNA
0000000162	54	%	-1.0		-1.0		-1.0		COAATNA
0000000163	61	%	-1.0		-1.0		-1.0		COAATNA
0000000164	62	%	-1.0		-1.0		-1.0		COAATNA
0000000165	63	%	-1.0		-1.0		-1.0		COAATNA
0000000166	64	%	-1.0		-1.0		-1.0		COAATNA
0000000167	65	%	-1.0		-1.0		-1.0		COAATNA
0000000168	66	%	-1.0		-1.0		-1.0		COAATNA
0000000169	71	%	-1.0		-1.0		-1.0		COAATNA
0000000170	72	%	-1.0		-1.0		-1.0		COAATNA
0000000171	73	%	-1.0		-1.0		-1.0		COAATNA
0000000172	74	%	-1.0		-1.0		-1.0		COAATNA
0000000173	75	%	-1.0		-1.0		-1.0		COAATNA
0000000174	81	%	-1.0		-1.0		-1.0		COAATNA
0000000175	82	%	-1.0		-1.0		-1.0		COAATNA
0000000176	83	%	-1.0		-1.0		-1.0		COAATNA
0000000177	91	%	-1.0		-1.0		-1.0		COAATNA
0000000178	92	%	-1.0		-1.0		-1.0		COAATNA
0000000179	93	%	-1.0		-1.0		-1.0		COAATNA
0000000180	94	%	-1.0		-1.0		-1.0		COAATNA
0000000181	95	%	-1.0		-1.0		-1.0		COAATNA
0000000182	01	%	-1.0		-1.0		-1.0		COAATGUI
0000000183	02	%	-1.0		-1.0		-1.0		COAATGUI
0000000184	03	%	-1.0		-1.0		-1.0		COAATGUI
0000000185	04	%	-1.0		-1.0		-1.0		COAATGUI
0000000186	05	%	-1.0		-1.0		-1.0		COAATGUI
0000000187	11	%	-1.0		0.0	60000.0	-1.0		COAATGUI
0000000188	11	%	-1.0		60001.0	150000.0	-1.0		COAATGUI
0000000189	11	%	-1.0		150001.0	300000.0	-1.0		COAATGUI
0000000190	11	%	-1.0		300001.0		-1.0		COAATGUI
0000000191	12	%	-1.0		0.0	60000.0	-1.0		COAATGUI
0000000192	12	%	-1.0		60001.0	150000.0	-1.0		COAATGUI
0000000193	12	%	-1.0		150001.0	300000.0	-1.0		COAATGUI
0000000194	12	%	-1.0		300001.0		-1.0		COAATGUI
0000000195	13	%	-1.0		0.0	60000.0	-1.0		COAATGUI
0000000196	13	%	-1.0		60001.0	150000.0	-1.0		COAATGUI
0000000197	13	%	-1.0		150001.0	300000.0	-1.0		COAATGUI
0000000198	13	%	-1.0		300001.0		-1.0		COAATGUI
0000000199	14	%	-1.0		0.0	300000.0	-1.0		COAATGUI
0000000200	14	%	-1.0		300001.0	1000000.0	-1.0		COAATGUI
0000000201	14	%	-1.0		1000001.0		-1.0		COAATGUI
0000000202	31	%	-1.0		-1.0		-1.0		COAATGUI
0000000203	32	%	-1.0		-1.0		-1.0		COAATGUI
0000000204	33	%	-1.0		-1.0		-1.0		COAATGUI
0000000205	15	%	-1.0		-1.0		-1.0		COAATGUI
0000000206	16	%	-1.0		-1.0		-1.0		COAATGUI
0000000207	17	%	-1.0		-1.0		-1.0		COAATGUI
0000000208	41	%	-1.0		-1.0		-1.0		COAATGUI
0000000209	42	%	-1.0		-1.0		-1.0		COAATGUI
0000000210	62	%	-1.0		-1.0		-1.0		COAATGUI
0000000211	63	%	-1.0		-1.0		-1.0		COAATGUI
0000000212	65	%	-1.0		-1.0		-1.0		COAATGUI
0000000213	66	%	-1.0		-1.0		-1.0		COAATGUI
0000000214	61	%	-1.0		-1.0		-1.0		COAATGUI
0000000215	64	%	-1.0		-1.0		-1.0		COAATGUI
0000000216	71	%	-1.0		-1.0		-1.0		COAATGUI
0000000217	72	%	-1.0		-1.0		-1.0		COAATGUI
0000000218	73	%	-1.0		-1.0		-1.0		COAATGUI
0000000219	74	%	-1.0		-1.0		-1.0		COAATGUI
0000000220	75	%	-1.0		-1.0		-1.0		COAATGUI
0000000221	91	%	-1.0		-1.0		-1.0		COAATGUI
0000000222	92	%	-1.0		-1.0		-1.0		COAATGUI
0000000223	93	%	-1.0		-1.0		-1.0		COAATGUI
0000000224	94	%	-1.0		-1.0		-1.0		COAATGUI
0000000225	95	%	-1.0		-1.0		-1.0		COAATGUI
0000000226	81	%	-1.0		-1.0		-1.0		COAATGUI
0000000227	82	%	-1.0		-1.0		-1.0		COAATGUI
0000000228	83	%	-1.0		-1.0		-1.0		COAATGUI
0000000229	01	%	-1.0		-1.0		-1.0		COAATTGN
0000000230	02	%	-1.0		-1.0		-1.0		COAATTGN
0000000231	03	%	-1.0		-1.0		-1.0		COAATTGN
0000000232	04	%	-1.0		-1.0		-1.0		COAATTGN
0000000233	05	%	-1.0		-1.0		-1.0		COAATTGN
0000000234	11	%	-1.0		-1.0		-1.0		COAATTGN
0000000235	12	%	-1.0		-1.0		-1.0		COAATTGN
0000000236	13	%	-1.0		-1.0		-1.0		COAATTGN
0000000237	14	%	-1.0		-1.0		-1.0		COAATTGN
0000000238	15	%	-1.0		-1.0		-1.0		COAATTGN
0000000239	16	%	-1.0		-1.0		-1.0		COAATTGN
0000000240	17	%	-1.0		-1.0		-1.0		COAATTGN
0000000241	31	%	-1.0		-1.0		-1.0		COAATTGN
0000000242	32	%	-1.0		-1.0		-1.0		COAATTGN
0000000243	33	%	-1.0		-1.0		-1.0		COAATTGN
0000000244	41	%	-1.0		-1.0		-1.0		COAATTGN
0000000245	42	%	-1.0		-1.0		-1.0		COAATTGN
0000000246	43	%	-1.0		-1.0		-1.0		COAATTGN
0000000247	44	%	-1.0		-1.0		-1.0		COAATTGN
0000000248	45	%	-1.0		-1.0		-1.0		COAATTGN
0000000249	46	%	-1.0		-1.0		-1.0		COAATTGN
0000000250	51	%	-1.0		-1.0		-1.0		COAATTGN
0000000251	52	%	-1.0		-1.0		-1.0		COAATTGN
0000000252	53	%	-1.0		-1.0		-1.0		COAATTGN
0000000253	54	%	-1.0		-1.0		-1.0		COAATTGN
0000000254	61	%	-1.0		-1.0		-1.0		COAATTGN
0000000255	62	%	-1.0		-1.0		-1.0		COAATTGN
0000000256	63	%	-1.0		-1.0		-1.0		COAATTGN
0000000257	64	%	-1.0		-1.0		-1.0		COAATTGN
0000000258	65	%	-1.0		-1.0		-1.0		COAATTGN
0000000259	66	%	-1.0		-1.0		-1.0		COAATTGN
0000000260	71	%	-1.0		-1.0		-1.0		COAATTGN
0000000261	72	%	-1.0		-1.0		-1.0		COAATTGN
0000000262	73	%	-1.0		-1.0		-1.0		COAATTGN
0000000263	74	%	-1.0		-1.0		-1.0		COAATTGN
0000000264	75	%	-1.0		-1.0		-1.0		COAATTGN
0000000265	76	%	-1.0		-1.0		-1.0		COAATTGN
0000000266	81	%	-1.0		-1.0		-1.0		COAATTGN
0000000267	82	%	-1.0		-1.0		-1.0		COAATTGN
0000000268	83	%	-1.0		-1.0		-1.0		COAATTGN
0000000269	91	%	-1.0		-1.0		-1.0		COAATTGN
0000000270	92	%	-1.0		-1.0		-1.0		COAATTGN
0000000271	93	%	-1.0		-1.0		-1.0		COAATTGN
0000000272	94	%	-1.0		-1.0		-1.0		COAATTGN
0000000273	95	%	-1.0		-1.0		-1.0		COAATTGN
0000000274	01	%	-1.0		-1.0		-1.0		COAATCC
0000000275	02	%	-1.0		-1.0		-1.0		COAATCC
0000000276	03	%	-1.0		-1.0		-1.0		COAATCC
0000000277	04	%	-1.0		-1.0		-1.0		COAATCC
0000000278	05	%	-1.0		-1.0		-1.0		COAATCC
0000000279	11	%	-1.0		0.0	100000.0	-1.0		COAATCC
0000000280	11	%	-1.0		100001.0	300000.0	-1.0		COAATCC
0000000281	11	%	-1.0		300001.0		-1.0		COAATCC
0000000282	12	%	-1.0		0.0	100000.0	-1.0		COAATCC
0000000283	12	%	-1.0		100001.0	300000.0	-1.0		COAATCC
0000000284	12	%	-1.0		300001.0		-1.0		COAATCC
0000000285	15	%	-1.0		0.0	100000.0	-1.0		COAATCC
0000000286	15	%	-1.0		100001.0	300000.0	-1.0		COAATCC
0000000287	15	%	-1.0		300001.0		-1.0		COAATCC
0000000288	13	%	-1.0		0.0	100000.0	-1.0		COAATCC
0000000289	13	%	-1.0		100001.0	300000.0	-1.0		COAATCC
0000000290	13	%	-1.0		300001.0		-1.0		COAATCC
0000000291	16	%	-1.0		0.0	100000.0	-1.0		COAATCC
0000000292	16	%	-1.0		100001.0	300000.0	-1.0		COAATCC
0000000293	16	%	-1.0		300001.0		-1.0		COAATCC
0000000294	14	%	-1.0		0.0	100000.0	-1.0		COAATCC
0000000295	14	%	-1.0		100001.0	300000.0	-1.0		COAATCC
0000000296	14	%	-1.0		300001.0		-1.0		COAATCC
0000000297	17	%	-1.0		0.0	100000.0	-1.0		COAATCC
0000000298	17	%	-1.0		100001.0	300000.0	-1.0		COAATCC
0000000299	17	%	-1.0		300001.0		-1.0		COAATCC
0000000300	31	%	-1.0		-1.0		-1.0		COAATCC
0000000301	32	%	-1.0		-1.0		-1.0		COAATCC
0000000302	33	%	-1.0		-1.0		-1.0		COAATCC
0000000303	41	%	-1.0		-1.0		-1.0		COAATCC
0000000304	42	%	-1.0		-1.0		-1.0		COAATCC
0000000305	51	%	-1.0		-1.0		-1.0		COAATCC
0000000306	52	%	-1.0		-1.0		-1.0		COAATCC
0000000307	53	%	-1.0		-1.0		-1.0		COAATCC
0000000308	54	%	-1.0		-1.0		-1.0		COAATCC
0000000309	61	%	-1.0		-1.0		-1.0		COAATCC
0000000310	62	%	-1.0		-1.0		-1.0		COAATCC
0000000311	63	%	-1.0		-1.0		-1.0		COAATCC
0000000312	64	%	-1.0		-1.0		-1.0		COAATCC
0000000313	65	%	-1.0		-1.0		-1.0		COAATCC
0000000314	66	%	-1.0		-1.0		-1.0		COAATCC
0000000315	71	%	-1.0		-1.0		-1.0		COAATCC
0000000316	72	%	-1.0		-1.0		-1.0		COAATCC
0000000317	73	%	-1.0		-1.0		-1.0		COAATCC
0000000318	74	%	-1.0		-1.0		-1.0		COAATCC
0000000319	75	%	-1.0		-1.0		-1.0		COAATCC
0000000320	81	%	-1.0		-1.0		-1.0		COAATCC
0000000321	82	%	-1.0		-1.0		-1.0		COAATCC
0000000322	83	%	-1.0		-1.0		-1.0		COAATCC
0000000323	91	%	-1.0		-1.0		-1.0		COAATCC
0000000324	92	%	-1.0		-1.0		-1.0		COAATCC
0000000325	93	%	-1.0		-1.0		-1.0		COAATCC
0000000326	94	%	-1.0		-1.0		-1.0		COAATCC
0000000327	95	%	-1.0		-1.0		-1.0		COAATCC
0000000328	12	%	-1.0		-1.0		-1.0		COAATB
0000000329	15	%	-1.0		-1.0		-1.0		COAATB
0000000330	13	%	-1.0		-1.0		-1.0		COAATB
0000000331	16	%	-1.0		-1.0		-1.0		COAATB
0000000332	14	%	-1.0		-1.0		-1.0		COAATB
0000000333	17	%	-1.0		-1.0		-1.0		COAATB
0000000334	11	%	-1.0		-1.0		-1.0		COAATB
0000000335	04	%	-1.0		-1.0		-1.0		COAATB
0000000336	05	%	-1.0		-1.0		-1.0		COAATB
0000000337	01	%	-1.0		-1.0		-1.0		COAATB
0000000338	02	%	-1.0		-1.0		-1.0		COAATB
0000000339	03	%	-1.0		-1.0		-1.0		COAATB
0000000340	32	%	-1.0		-1.0		-1.0		COAATB
0000000341	41	%	-1.0		-1.0		-1.0		COAATB
0000000342	42	%	-1.0		-1.0		-1.0		COAATB
0000000343	43	%	-1.0		-1.0		-1.0		COAATB
0000000344	44	%	-1.0		-1.0		-1.0		COAATB
0000000345	45	%	-1.0		-1.0		-1.0		COAATB
0000000346	51	%	-1.0		-1.0		-1.0		COAATB
0000000347	52	%	-1.0		-1.0		-1.0		COAATB
0000000348	53	%	-1.0		-1.0		-1.0		COAATB
0000000349	54	%	-1.0		-1.0		-1.0		COAATB
0000000350	61	%	-1.0		-1.0		-1.0		COAATB
0000000351	62	%	-1.0		-1.0		-1.0		COAATB
0000000352	63	%	-1.0		-1.0		-1.0		COAATB
0000000353	64	%	-1.0		-1.0		-1.0		COAATB
0000000354	65	%	-1.0		-1.0		-1.0		COAATB
0000000355	66	%	-1.0		-1.0		-1.0		COAATB
0000000356	71	%	-1.0		-1.0		-1.0		COAATB
0000000357	72	%	-1.0		-1.0		-1.0		COAATB
0000000358	73	%	-1.0		-1.0		-1.0		COAATB
0000000359	74	%	-1.0		-1.0		-1.0		COAATB
0000000360	75	%	-1.0		-1.0		-1.0		COAATB
0000000361	81	%	-1.0		-1.0		-1.0		COAATB
0000000362	82	%	-1.0		-1.0		-1.0		COAATB
0000000363	83	%	-1.0		-1.0		-1.0		COAATB
0000000364	91	%	-1.0		-1.0		-1.0		COAATB
0000000365	92	%	-1.0		-1.0		-1.0		COAATB
0000000366	93	%	-1.0		-1.0		-1.0		COAATB
0000000367	94	%	-1.0		-1.0		-1.0		COAATB
0000000368	95	%	-1.0		-1.0		-1.0		COAATB
0000000369	01	%	-1.0		-1.0		-1.0		COAATGU
0000000370	02	%	-1.0		-1.0		-1.0		COAATGU
0000000371	03	%	-1.0		-1.0		-1.0		COAATGU
0000000372	04	%	-1.0		-1.0		-1.0		COAATGU
0000000373	05	%	-1.0		-1.0		-1.0		COAATGU
0000000374	11	%	0.0	100.0	-1.0		-1.0		COAATGU
0000000375	11	%	101.0		-1.0		-1.0		COAATGU
0000000376	15	%	0.0	100.0	-1.0		-1.0		COAATGU
0000000377	15	%	101.0		-1.0		-1.0		COAATGU
0000000378	12	%	0.0	100.0	-1.0		-1.0		COAATGU
0000000379	12	%	101.0		-1.0		-1.0		COAATGU
0000000380	13	%	-1.0		-1.0		-1.0		COAATGU
0000000381	14	%	-1.0		-1.0		-1.0		COAATGU
0000000382	16	%	-1.0		-1.0		-1.0		COAATGU
0000000383	17	%	-1.0		-1.0		-1.0		COAATGU
0000000384	31	%	-1.0		-1.0		-1.0		COAATGU
0000000385	32	%	-1.0		-1.0		-1.0		COAATGU
0000000386	33	%	-1.0		-1.0		-1.0		COAATGU
0000000387	41	%	-1.0		-1.0		-1.0		COAATGU
0000000388	42	%	-1.0		-1.0		-1.0		COAATGU
0000000389	43	%	-1.0		-1.0		-1.0		COAATGU
0000000390	44	%	-1.0		-1.0		-1.0		COAATGU
0000000391	45	%	-1.0		-1.0		-1.0		COAATGU
0000000392	51	%	-1.0		-1.0		-1.0		COAATGU
0000000393	52	%	-1.0		-1.0		-1.0		COAATGU
0000000394	53	%	-1.0		-1.0		-1.0		COAATGU
0000000395	54	%	-1.0		-1.0		-1.0		COAATGU
0000000396	61	%	-1.0		-1.0		-1.0		COAATGU
0000000397	62	%	-1.0		-1.0		-1.0		COAATGU
0000000398	63	%	-1.0		-1.0		-1.0		COAATGU
0000000399	64	%	-1.0		-1.0		-1.0		COAATGU
0000000400	65	%	-1.0		-1.0		-1.0		COAATGU
0000000401	66	%	-1.0		-1.0		-1.0		COAATGU
0000000402	91	%	-1.0		-1.0		-1.0		COAATGU
0000000403	92	%	-1.0		-1.0		-1.0		COAATGU
0000000404	93	%	-1.0		-1.0		-1.0		COAATGU
0000000405	94	%	-1.0		-1.0		-1.0		COAATGU
0000000406	95	%	-1.0		-1.0		-1.0		COAATGU
0000000407	71	%	-1.0		-1.0		-1.0		COAATGU
0000000408	72	%	-1.0		-1.0		-1.0		COAATGU
0000000409	73	%	-1.0		-1.0		-1.0		COAATGU
0000000410	74	%	-1.0		-1.0		-1.0		COAATGU
0000000411	75	%	-1.0		-1.0		-1.0		COAATGU
0000000412	81	%	-1.0		-1.0		-1.0		COAATGU
0000000413	82	%	-1.0		-1.0		-1.0		COAATGU
0000000414	83	%	-1.0		-1.0		-1.0		COAATGU
0000000415	13	11	-1.0		-1.0		1.0	1.0	COAATTER
0000000416	13	11	-1.0		-1.0		2.0	5.0	COAATTER
0000000417	13	11	-1.0		-1.0		6.0	20.0	COAATTER
0000000418	13	11	-1.0		-1.0		21.0		COAATTER
0000000419	13	21	-1.0		-1.0		1.0	1.0	COAATTER
0000000420	13	21	-1.0		-1.0		2.0	5.0	COAATTER
0000000421	13	21	-1.0		-1.0		6.0	20.0	COAATTER
0000000422	13	21	-1.0		-1.0		21.0		COAATTER
0000000423	13	31	-1.0		-1.0		1.0	1.0	COAATTER
0000000424	13	31	-1.0		-1.0		2.0	5.0	COAATTER
0000000425	13	31	-1.0		-1.0		6.0	20.0	COAATTER
0000000426	13	31	-1.0		-1.0		21.0		COAATTER
0000000427	14	11	-1.0		-1.0		1.0	1.0	COAATTER
0000000428	14	11	-1.0		-1.0		2.0	5.0	COAATTER
0000000429	14	11	-1.0		-1.0		6.0	20.0	COAATTER
0000000430	14	11	-1.0		-1.0		21.0		COAATTER
0000000431	14	21	-1.0		-1.0		1.0	1.0	COAATTER
0000000432	14	21	-1.0		-1.0		2.0	5.0	COAATTER
0000000433	14	21	-1.0		-1.0		6.0	20.0	COAATTER
0000000434	14	21	-1.0		-1.0		21.0		COAATTER
0000000435	14	31	-1.0		-1.0		1.0	1.0	COAATTER
0000000436	14	31	-1.0		-1.0		2.0	5.0	COAATTER
0000000437	14	31	-1.0		-1.0		6.0	20.0	COAATTER
0000000438	14	31	-1.0		-1.0		21.0		COAATTER
0000000439	16	11	-1.0		-1.0		1.0	1.0	COAATTER
0000000440	16	11	-1.0		-1.0		2.0	5.0	COAATTER
0000000441	16	11	-1.0		-1.0		6.0	20.0	COAATTER
0000000442	16	11	-1.0		-1.0		21.0		COAATTER
0000000443	16	21	-1.0		-1.0		1.0	1.0	COAATTER
0000000444	16	21	-1.0		-1.0		2.0	5.0	COAATTER
0000000445	16	21	-1.0		-1.0		6.0	20.0	COAATTER
0000000446	16	21	-1.0		-1.0		21.0		COAATTER
0000000447	16	31	-1.0		-1.0		1.0	1.0	COAATTER
0000000448	16	31	-1.0		-1.0		2.0	5.0	COAATTER
0000000449	16	31	-1.0		-1.0		6.0	20.0	COAATTER
0000000450	16	31	-1.0		-1.0		21.0		COAATTER
0000000451	17	11	-1.0		-1.0		1.0	1.0	COAATTER
0000000452	17	11	-1.0		-1.0		2.0	5.0	COAATTER
0000000453	17	11	-1.0		-1.0		6.0	20.0	COAATTER
0000000454	17	11	-1.0		-1.0		21.0		COAATTER
0000000455	17	21	-1.0		-1.0		1.0	1.0	COAATTER
0000000456	17	21	-1.0		-1.0		2.0	5.0	COAATTER
0000000457	17	21	-1.0		-1.0		6.0	20.0	COAATTER
0000000458	17	21	-1.0		-1.0		21.0		COAATTER
0000000459	17	31	-1.0		-1.0		1.0	1.0	COAATTER
0000000460	17	31	-1.0		-1.0		2.0	5.0	COAATTER
0000000461	17	31	-1.0		-1.0		6.0	20.0	COAATTER
0000000462	17	31	-1.0		-1.0		21.0		COAATTER
0000000463	13	9%	-1.0		-1.0		-1.0		COAATTER
0000000466	14	9%	-1.0		-1.0		-1.0		COAATTER
0000000469	16	9%	-1.0		-1.0		-1.0		COAATTER
0000000472	17	9%	-1.0		-1.0		-1.0		COAATTER
0000000475	13	71	0.0	500.0	-1.0		-1.0		COAATTER
0000000476	13	71	501.0	1000.0	-1.0		-1.0		COAATTER
0000000477	13	71	1001.0	5000.0	-1.0		-1.0		COAATTER
0000000478	13	71	5001.0		-1.0		-1.0		COAATTER
0000000479	13	72	0.0	500.0	-1.0		-1.0		COAATTER
0000000480	13	72	501.0	1000.0	-1.0		-1.0		COAATTER
0000000481	13	72	1001.0	5000.0	-1.0		-1.0		COAATTER
0000000482	13	72	5001.0		-1.0		-1.0		COAATTER
0000000483	13	73	0.0	500.0	-1.0		-1.0		COAATTER
0000000484	13	73	501.0	1000.0	-1.0		-1.0		COAATTER
0000000485	13	73	1001.0	5000.0	-1.0		-1.0		COAATTER
0000000486	13	73	5001.0		-1.0		-1.0		COAATTER
0000000487	14	71	0.0	500.0	-1.0		-1.0		COAATTER
0000000488	14	71	501.0	1000.0	-1.0		-1.0		COAATTER
0000000489	14	71	1001.0	5000.0	-1.0		-1.0		COAATTER
0000000490	14	71	5001.0		-1.0		-1.0		COAATTER
0000000491	14	72	0.0	500.0	-1.0		-1.0		COAATTER
0000000492	14	72	501.0	1000.0	-1.0		-1.0		COAATTER
0000000493	14	72	1001.0	5000.0	-1.0		-1.0		COAATTER
0000000494	14	72	5001.0		-1.0		-1.0		COAATTER
0000000495	14	73	0.0	500.0	-1.0		-1.0		COAATTER
0000000496	14	73	501.0	1000.0	-1.0		-1.0		COAATTER
0000000497	14	73	1001.0	5000.0	-1.0		-1.0		COAATTER
0000000498	14	73	5001.0		-1.0		-1.0		COAATTER
0000000499	16	71	0.0	500.0	-1.0		-1.0		COAATTER
0000000500	16	71	501.0	1000.0	-1.0		-1.0		COAATTER
0000000501	16	71	1001.0	5000.0	-1.0		-1.0		COAATTER
0000000502	16	71	5001.0		-1.0		-1.0		COAATTER
0000000503	16	72	0.0	500.0	-1.0		-1.0		COAATTER
0000000504	16	72	501.0	1000.0	-1.0		-1.0		COAATTER
0000000505	16	72	1001.0	5000.0	-1.0		-1.0		COAATTER
0000000506	16	72	5001.0		-1.0		-1.0		COAATTER
0000000507	16	73	0.0	500.0	-1.0		-1.0		COAATTER
0000000508	16	73	501.0	1000.0	-1.0		-1.0		COAATTER
0000000509	16	73	1001.0	5000.0	-1.0		-1.0		COAATTER
0000000510	16	73	5001.0		-1.0		-1.0		COAATTER
0000000511	17	71	0.0	500.0	-1.0		-1.0		COAATTER
0000000512	17	71	501.0	1000.0	-1.0		-1.0		COAATTER
0000000513	17	71	1001.0	5000.0	-1.0		-1.0		COAATTER
0000000514	17	71	5001.0		-1.0		-1.0		COAATTER
0000000515	17	72	0.0	500.0	-1.0		-1.0		COAATTER
0000000516	17	72	501.0	1000.0	-1.0		-1.0		COAATTER
0000000517	17	72	1001.0	5000.0	-1.0		-1.0		COAATTER
0000000518	17	72	5001.0		-1.0		-1.0		COAATTER
0000000519	17	73	0.0	500.0	-1.0		-1.0		COAATTER
0000000520	17	73	501.0	1000.0	-1.0		-1.0		COAATTER
0000000521	17	73	1001.0	5000.0	-1.0		-1.0		COAATTER
0000000522	17	73	5001.0		-1.0		-1.0		COAATTER
0000000523	13	12	0.0	250.0	-1.0		-1.0		COAATTER
0000000524	13	12	251.0	500.0	-1.0		-1.0		COAATTER
0000000525	13	12	501.0	2000.0	-1.0		-1.0		COAATTER
0000000526	13	12	2001.0		-1.0		-1.0		COAATTER
0000000527	13	22	0.0	250.0	-1.0		-1.0		COAATTER
0000000528	13	22	251.0	500.0	-1.0		-1.0		COAATTER
0000000529	13	22	501.0	2000.0	-1.0		-1.0		COAATTER
0000000530	13	22	2001.0		-1.0		-1.0		COAATTER
0000000531	13	23	0.0	250.0	-1.0		-1.0		COAATTER
0000000532	13	23	251.0	500.0	-1.0		-1.0		COAATTER
0000000533	13	23	501.0	2000.0	-1.0		-1.0		COAATTER
0000000534	13	23	2001.0		-1.0		-1.0		COAATTER
0000000535	14	12	0.0	250.0	-1.0		-1.0		COAATTER
0000000536	14	12	251.0	500.0	-1.0		-1.0		COAATTER
0000000537	14	12	501.0	2000.0	-1.0		-1.0		COAATTER
0000000538	14	12	2001.0		-1.0		-1.0		COAATTER
0000000539	14	22	0.0	250.0	-1.0		-1.0		COAATTER
0000000540	14	22	251.0	500.0	-1.0		-1.0		COAATTER
0000000541	14	22	501.0	2000.0	-1.0		-1.0		COAATTER
0000000542	14	22	2001.0		-1.0		-1.0		COAATTER
0000000543	14	23	0.0	250.0	-1.0		-1.0		COAATTER
0000000544	14	23	251.0	500.0	-1.0		-1.0		COAATTER
0000000545	14	23	501.0	2000.0	-1.0		-1.0		COAATTER
0000000546	14	23	2001.0		-1.0		-1.0		COAATTER
0000000547	16	12	0.0	250.0	-1.0		-1.0		COAATTER
0000000548	16	12	251.0	500.0	-1.0		-1.0		COAATTER
0000000549	16	12	501.0	2000.0	-1.0		-1.0		COAATTER
0000000550	16	12	2001.0		-1.0		-1.0		COAATTER
0000000551	16	22	0.0	250.0	-1.0		-1.0		COAATTER
0000000552	16	22	251.0	500.0	-1.0		-1.0		COAATTER
0000000553	16	22	501.0	2000.0	-1.0		-1.0		COAATTER
0000000554	16	22	2001.0		-1.0		-1.0		COAATTER
0000000555	16	23	0.0	250.0	-1.0		-1.0		COAATTER
0000000556	16	23	251.0	500.0	-1.0		-1.0		COAATTER
0000000557	16	23	501.0	2000.0	-1.0		-1.0		COAATTER
0000000558	16	23	2001.0		-1.0		-1.0		COAATTER
0000000559	17	12	0.0	250.0	-1.0		-1.0		COAATTER
0000000560	17	12	251.0	500.0	-1.0		-1.0		COAATTER
0000000561	17	12	501.0	2000.0	-1.0		-1.0		COAATTER
0000000562	17	12	2001.0		-1.0		-1.0		COAATTER
0000000563	17	22	0.0	250.0	-1.0		-1.0		COAATTER
0000000564	17	22	251.0	500.0	-1.0		-1.0		COAATTER
0000000565	17	22	501.0	2000.0	-1.0		-1.0		COAATTER
0000000566	17	22	2001.0		-1.0		-1.0		COAATTER
0000000567	17	23	0.0	250.0	-1.0		-1.0		COAATTER
0000000568	17	23	251.0	500.0	-1.0		-1.0		COAATTER
0000000569	17	23	501.0	2000.0	-1.0		-1.0		COAATTER
0000000570	17	23	2001.0		-1.0		-1.0		COAATTER
0000000571	13	41	-1.0		-1.0		-1.0		COAATTER
0000000572	14	41	-1.0		-1.0		-1.0		COAATTER
0000000573	16	41	-1.0		-1.0		-1.0		COAATTER
0000000574	17	41	-1.0		-1.0		-1.0		COAATTER
0000000575	12	91	-1.0		-1.0		-1.0		COAATTER
0000000576	12	92	-1.0		-1.0		-1.0		COAATTER
0000000577	12	93	-1.0		-1.0		-1.0		COAATTER
0000000578	12	71	0.0	500.0	-1.0		-1.0		COAATTER
0000000579	12	71	501.0	1000.0	-1.0		-1.0		COAATTER
0000000580	12	71	1001.0	5000.0	-1.0		-1.0		COAATTER
0000000581	12	71	5001.0		-1.0		-1.0		COAATTER
0000000582	12	72	0.0	500.0	-1.0		-1.0		COAATTER
0000000583	12	72	501.0	1000.0	-1.0		-1.0		COAATTER
0000000584	12	72	1001.0	5000.0	-1.0		-1.0		COAATTER
0000000585	12	72	5001.0		-1.0		-1.0		COAATTER
0000000586	12	73	0.0	500.0	-1.0		-1.0		COAATTER
0000000587	12	73	501.0	1000.0	-1.0		-1.0		COAATTER
0000000588	12	73	1001.0	5000.0	-1.0		-1.0		COAATTER
0000000589	12	73	5001.0		-1.0		-1.0		COAATTER
0000000590	12	12	0.0	250.0	-1.0		-1.0		COAATTER
0000000591	12	12	251.0	500.0	-1.0		-1.0		COAATTER
0000000592	12	12	501.0	2000.0	-1.0		-1.0		COAATTER
0000000593	12	12	2001.0		-1.0		-1.0		COAATTER
0000000594	12	22	0.0	250.0	-1.0		-1.0		COAATTER
0000000595	12	22	251.0	500.0	-1.0		-1.0		COAATTER
0000000596	12	22	501.0	2000.0	-1.0		-1.0		COAATTER
0000000597	12	22	2001.0		-1.0		-1.0		COAATTER
0000000598	12	32	0.0	250.0	-1.0		-1.0		COAATTER
0000000599	12	32	251.0	500.0	-1.0		-1.0		COAATTER
0000000600	12	32	501.0	2000.0	-1.0		-1.0		COAATTER
0000000601	12	32	2001.0		-1.0		-1.0		COAATTER
0000000602	12	41	-1.0		-1.0		-1.0		COAATTER
0000000603	12	31	-1.0		-1.0		1.0	1.0	COAATTER
0000000604	12	31	-1.0		-1.0		2.0	5.0	COAATTER
0000000605	12	31	-1.0		-1.0		6.0	20.0	COAATTER
0000000606	12	31	-1.0		-1.0		21.0		COAATTER
0000000607	02	%	-1.0		-1.0		-1.0		COAATTER
0000000608	01	%	-1.0		-1.0		-1.0		COAATTER
0000000609	03	%	-1.0		-1.0		-1.0		COAATTER
0000000610	41	%	-1.0		-1.0		-1.0		COAATTER
0000000616	04	%	-1.0		-1.0		-1.0		COAATTER
0000000617	05	%	-1.0		-1.0		-1.0		COAATTER
0000000618	11	%	-1.0		-1.0		-1.0		COAATTER
0000000619	15	%	-1.0		-1.0		-1.0		COAATTER
0000000620	31	%	-1.0		-1.0		-1.0		COAATTER
0000000621	32	%	-1.0		-1.0		-1.0		COAATTER
0000000622	33	%	-1.0		-1.0		-1.0		COAATTER
0000000623	42	%	-1.0		-1.0		-1.0		COAATTER
0000000624	43	%	-1.0		-1.0		-1.0		COAATTER
0000000625	44	%	-1.0		-1.0		-1.0		COAATTER
0000000626	45	%	-1.0		-1.0		-1.0		COAATTER
0000000627	46	%	-1.0		-1.0		-1.0		COAATTER
0000000628	5%	%	-1.0		-1.0		-1.0		COAATTER
0000000629	6%	%	-1.0		-1.0		-1.0		COAATTER
0000000611	7%	%	-1.0		-1.0		-1.0		COAATTER
0000000630	8%	%	-1.0		-1.0		-1.0		COAATTER
0000000631	9%	%	-1.0		-1.0		-1.0		COAATTER
0000000632	13	-1	-1.0		-1.0		-1.0		COAATTER
0000000633	14	-1	-1.0		-1.0		-1.0		COAATTER
0000000634	16	-1	-1.0		-1.0		-1.0		COAATTER
0000000635	17	-1	-1.0		-1.0		-1.0		COAATTER
0000000636	13	1%	0.0	200.0	-1.0		-1.0		COAATBU
0000000637	13	1%	200.0	400.0	-1.0		-1.0		COAATBU
0000000638	13	1%	400.0	600.0	-1.0		-1.0		COAATBU
0000000639	13	1%	600.0	1000.0	-1.0		-1.0		COAATBU
0000000640	13	1%	1000.0	2000.0	-1.0		-1.0		COAATBU
0000000641	13	1%	2000.0	3000.0	-1.0		-1.0		COAATBU
0000000642	13	1%	3000.0	5000.0	-1.0		-1.0		COAATBU
0000000643	13	1%	5000.0		-1.0		-1.0		COAATBU
0000000644	13	2%	0.0	200.0	-1.0		-1.0		COAATBU
0000000645	13	2%	200.0	400.0	-1.0		-1.0		COAATBU
0000000646	13	2%	400.0	600.0	-1.0		-1.0		COAATBU
0000000647	13	2%	600.0	1000.0	-1.0		-1.0		COAATBU
0000000648	13	2%	1000.0	2000.0	-1.0		-1.0		COAATBU
0000000649	13	2%	2000.0	3000.0	-1.0		-1.0		COAATBU
0000000650	13	2%	3000.0	5000.0	-1.0		-1.0		COAATBU
0000000651	13	2%	5000.0		-1.0		-1.0		COAATBU
0000000652	13	3%	0.0	200.0	-1.0		-1.0		COAATBU
0000000653	13	3%	200.0	400.0	-1.0		-1.0		COAATBU
0000000654	13	3%	400.0	600.0	-1.0		-1.0		COAATBU
0000000655	13	3%	600.0	1000.0	-1.0		-1.0		COAATBU
0000000656	13	3%	1000.0	2000.0	-1.0		-1.0		COAATBU
0000000657	13	3%	2000.0	3000.0	-1.0		-1.0		COAATBU
0000000658	13	3%	3000.0	5000.0	-1.0		-1.0		COAATBU
0000000659	13	3%	5000.0		-1.0		-1.0		COAATBU
0000000660	13	4%	0.0	200.0	-1.0		-1.0		COAATBU
0000000661	13	4%	200.0	400.0	-1.0		-1.0		COAATBU
0000000662	13	4%	400.0	600.0	-1.0		-1.0		COAATBU
0000000663	13	4%	600.0	1000.0	-1.0		-1.0		COAATBU
0000000664	13	4%	1000.0	2000.0	-1.0		-1.0		COAATBU
0000000665	13	4%	2000.0	3000.0	-1.0		-1.0		COAATBU
0000000666	13	4%	3000.0	5000.0	-1.0		-1.0		COAATBU
0000000667	13	4%	5000.0		-1.0		-1.0		COAATBU
0000000668	14	1%	0.0	200.0	-1.0		-1.0		COAATBU
0000000669	14	1%	200.0	400.0	-1.0		-1.0		COAATBU
0000000670	14	1%	400.0	600.0	-1.0		-1.0		COAATBU
0000000671	14	1%	600.0	1000.0	-1.0		-1.0		COAATBU
0000000672	14	1%	1000.0	2000.0	-1.0		-1.0		COAATBU
0000000673	14	1%	2000.0	3000.0	-1.0		-1.0		COAATBU
0000000674	14	1%	3000.0	5000.0	-1.0		-1.0		COAATBU
0000000675	14	1%	5000.0		-1.0		-1.0		COAATBU
0000000676	14	2%	0.0	200.0	-1.0		-1.0		COAATBU
0000000677	14	2%	200.0	400.0	-1.0		-1.0		COAATBU
0000000678	14	2%	400.0	600.0	-1.0		-1.0		COAATBU
0000000679	14	2%	600.0	1000.0	-1.0		-1.0		COAATBU
0000000680	14	2%	1000.0	2000.0	-1.0		-1.0		COAATBU
0000000681	14	2%	2000.0	3000.0	-1.0		-1.0		COAATBU
0000000682	14	2%	3000.0	5000.0	-1.0		-1.0		COAATBU
0000000683	14	2%	5000.0		-1.0		-1.0		COAATBU
0000000684	14	3%	0.0	200.0	-1.0		-1.0		COAATBU
0000000685	14	3%	200.0	400.0	-1.0		-1.0		COAATBU
0000000686	14	3%	400.0	600.0	-1.0		-1.0		COAATBU
0000000687	14	3%	600.0	1000.0	-1.0		-1.0		COAATBU
0000000688	14	3%	1000.0	2000.0	-1.0		-1.0		COAATBU
0000000689	14	3%	2000.0	3000.0	-1.0		-1.0		COAATBU
0000000690	14	3%	3000.0	5000.0	-1.0		-1.0		COAATBU
0000000691	14	3%	5000.0		-1.0		-1.0		COAATBU
0000000692	14	4%	0.0	200.0	-1.0		-1.0		COAATBU
0000000693	14	4%	200.0	400.0	-1.0		-1.0		COAATBU
0000000694	14	4%	400.0	600.0	-1.0		-1.0		COAATBU
0000000695	14	4%	600.0	1000.0	-1.0		-1.0		COAATBU
0000000696	14	4%	1000.0	2000.0	-1.0		-1.0		COAATBU
0000000697	14	4%	2000.0	3000.0	-1.0		-1.0		COAATBU
0000000698	14	4%	3000.0	5000.0	-1.0		-1.0		COAATBU
0000000699	14	4%	5000.0		-1.0		-1.0		COAATBU
0000000700	16	1%	0.0	200.0	-1.0		-1.0		COAATBU
0000000701	16	1%	200.0	400.0	-1.0		-1.0		COAATBU
0000000702	16	1%	400.0	600.0	-1.0		-1.0		COAATBU
0000000703	16	1%	600.0	1000.0	-1.0		-1.0		COAATBU
0000000704	16	1%	1000.0	2000.0	-1.0		-1.0		COAATBU
0000000705	16	1%	2000.0	3000.0	-1.0		-1.0		COAATBU
0000000706	16	1%	3000.0	5000.0	-1.0		-1.0		COAATBU
0000000707	16	1%	5000.0		-1.0		-1.0		COAATBU
0000000708	16	2%	0.0	200.0	-1.0		-1.0		COAATBU
0000000709	16	2%	200.0	400.0	-1.0		-1.0		COAATBU
0000000710	16	2%	400.0	600.0	-1.0		-1.0		COAATBU
0000000711	16	2%	600.0	1000.0	-1.0		-1.0		COAATBU
0000000712	16	2%	1000.0	2000.0	-1.0		-1.0		COAATBU
0000000713	16	2%	2000.0	3000.0	-1.0		-1.0		COAATBU
0000000714	16	2%	3000.0	5000.0	-1.0		-1.0		COAATBU
0000000715	16	2%	5000.0		-1.0		-1.0		COAATBU
0000000716	16	3%	0.0	200.0	-1.0		-1.0		COAATBU
0000000717	16	3%	200.0	400.0	-1.0		-1.0		COAATBU
0000000718	16	3%	400.0	600.0	-1.0		-1.0		COAATBU
0000000719	16	3%	600.0	1000.0	-1.0		-1.0		COAATBU
0000000720	16	3%	1000.0	2000.0	-1.0		-1.0		COAATBU
0000000721	16	3%	2000.0	3000.0	-1.0		-1.0		COAATBU
0000000722	16	3%	3000.0	5000.0	-1.0		-1.0		COAATBU
0000000723	16	3%	5000.0		-1.0		-1.0		COAATBU
0000000724	16	4%	0.0	200.0	-1.0		-1.0		COAATBU
0000000725	16	4%	200.0	400.0	-1.0		-1.0		COAATBU
0000000726	16	4%	400.0	600.0	-1.0		-1.0		COAATBU
0000000727	16	4%	600.0	1000.0	-1.0		-1.0		COAATBU
0000000728	16	4%	1000.0	2000.0	-1.0		-1.0		COAATBU
0000000729	16	4%	2000.0	3000.0	-1.0		-1.0		COAATBU
0000000730	16	4%	3000.0	5000.0	-1.0		-1.0		COAATBU
0000000731	16	4%	5000.0		-1.0		-1.0		COAATBU
0000000732	17	1%	0.0	200.0	-1.0		-1.0		COAATBU
0000000733	17	1%	200.0	400.0	-1.0		-1.0		COAATBU
0000000734	17	1%	400.0	600.0	-1.0		-1.0		COAATBU
0000000735	17	1%	600.0	1000.0	-1.0		-1.0		COAATBU
0000000736	17	1%	1000.0	2000.0	-1.0		-1.0		COAATBU
0000000737	17	1%	2000.0	3000.0	-1.0		-1.0		COAATBU
0000000738	17	1%	3000.0	5000.0	-1.0		-1.0		COAATBU
0000000739	17	1%	5000.0		-1.0		-1.0		COAATBU
0000000740	17	2%	0.0	200.0	-1.0		-1.0		COAATBU
0000000741	17	2%	200.0	400.0	-1.0		-1.0		COAATBU
0000000742	17	2%	400.0	600.0	-1.0		-1.0		COAATBU
0000000743	17	2%	600.0	1000.0	-1.0		-1.0		COAATBU
0000000744	17	2%	1000.0	2000.0	-1.0		-1.0		COAATBU
0000000745	17	2%	2000.0	3000.0	-1.0		-1.0		COAATBU
0000000746	17	2%	3000.0	5000.0	-1.0		-1.0		COAATBU
0000000747	17	2%	5000.0		-1.0		-1.0		COAATBU
0000000748	17	3%	0.0	200.0	-1.0		-1.0		COAATBU
0000000749	17	3%	200.0	400.0	-1.0		-1.0		COAATBU
0000000750	17	3%	400.0	600.0	-1.0		-1.0		COAATBU
0000000751	17	3%	600.0	1000.0	-1.0		-1.0		COAATBU
0000000752	17	3%	1000.0	2000.0	-1.0		-1.0		COAATBU
0000000753	17	3%	2000.0	3000.0	-1.0		-1.0		COAATBU
0000000754	17	3%	3000.0	5000.0	-1.0		-1.0		COAATBU
0000000755	17	3%	5000.0		-1.0		-1.0		COAATBU
0000000756	17	4%	0.0	200.0	-1.0		-1.0		COAATBU
0000000757	17	4%	200.0	400.0	-1.0		-1.0		COAATBU
0000000758	17	4%	400.0	600.0	-1.0		-1.0		COAATBU
0000000759	17	4%	600.0	1000.0	-1.0		-1.0		COAATBU
0000000760	17	4%	1000.0	2000.0	-1.0		-1.0		COAATBU
0000000761	17	4%	2000.0	3000.0	-1.0		-1.0		COAATBU
0000000762	17	4%	3000.0	5000.0	-1.0		-1.0		COAATBU
0000000763	17	4%	5000.0		-1.0		-1.0		COAATBU
0000000764	13	5%	-1.0		0.0	50000.0	-1.0		COAATBU
0000000765	13	5%	-1.0		50000.0	100000.0	-1.0		COAATBU
0000000766	13	5%	-1.0		100000.0	500000.0	-1.0		COAATBU
0000000767	13	5%	-1.0		500000.0	1000000.0	-1.0		COAATBU
0000000768	13	5%	-1.0		1000000.0		-1.0		COAATBU
0000000769	13	6%	-1.0		0.0	50000.0	-1.0		COAATBU
0000000770	13	6%	-1.0		50000.0	100000.0	-1.0		COAATBU
0000000771	13	6%	-1.0		100000.0	500000.0	-1.0		COAATBU
0000000772	13	6%	-1.0		500000.0	1000000.0	-1.0		COAATBU
0000000773	13	6%	-1.0		1000000.0		-1.0		COAATBU
0000000774	13	7%	-1.0		0.0	50000.0	-1.0		COAATBU
0000000775	13	7%	-1.0		50000.0	100000.0	-1.0		COAATBU
0000000776	13	7%	-1.0		100000.0	500000.0	-1.0		COAATBU
0000000777	13	7%	-1.0		500000.0	1000000.0	-1.0		COAATBU
0000000778	13	7%	-1.0		1000000.0		-1.0		COAATBU
0000000779	14	5%	-1.0		0.0	50000.0	-1.0		COAATBU
0000000780	14	5%	-1.0		50000.0	100000.0	-1.0		COAATBU
0000000781	14	5%	-1.0		100000.0	500000.0	-1.0		COAATBU
0000000782	14	5%	-1.0		500000.0	1000000.0	-1.0		COAATBU
0000000783	14	5%	-1.0		1000000.0		-1.0		COAATBU
0000000784	14	6%	-1.0		0.0	50000.0	-1.0		COAATBU
0000000785	14	6%	-1.0		50000.0	100000.0	-1.0		COAATBU
0000000786	14	6%	-1.0		100000.0	500000.0	-1.0		COAATBU
0000000787	14	6%	-1.0		500000.0	1000000.0	-1.0		COAATBU
0000000788	14	6%	-1.0		1000000.0		-1.0		COAATBU
0000000789	14	7%	-1.0		0.0	50000.0	-1.0		COAATBU
0000000790	14	7%	-1.0		50000.0	100000.0	-1.0		COAATBU
0000000791	14	7%	-1.0		100000.0	500000.0	-1.0		COAATBU
0000000792	14	7%	-1.0		500000.0	1000000.0	-1.0		COAATBU
0000000793	14	7%	-1.0		1000000.0		-1.0		COAATBU
0000000794	16	5%	-1.0		0.0	50000.0	-1.0		COAATBU
0000000795	16	5%	-1.0		50000.0	100000.0	-1.0		COAATBU
0000000796	16	5%	-1.0		100000.0	500000.0	-1.0		COAATBU
0000000797	16	5%	-1.0		500000.0	1000000.0	-1.0		COAATBU
0000000798	16	5%	-1.0		1000000.0		-1.0		COAATBU
0000000799	16	6%	-1.0		0.0	50000.0	-1.0		COAATBU
0000000800	16	6%	-1.0		50000.0	100000.0	-1.0		COAATBU
0000000801	16	6%	-1.0		100000.0	500000.0	-1.0		COAATBU
0000000802	16	6%	-1.0		500000.0	1000000.0	-1.0		COAATBU
0000000803	16	6%	-1.0		1000000.0		-1.0		COAATBU
0000000804	16	7%	-1.0		0.0	50000.0	-1.0		COAATBU
0000000805	16	7%	-1.0		50000.0	100000.0	-1.0		COAATBU
0000000806	16	7%	-1.0		100000.0	500000.0	-1.0		COAATBU
0000000807	16	7%	-1.0		500000.0	1000000.0	-1.0		COAATBU
0000000808	16	7%	-1.0		1000000.0		-1.0		COAATBU
0000000809	17	5%	-1.0		0.0	50000.0	-1.0		COAATBU
0000000810	17	5%	-1.0		50000.0	100000.0	-1.0		COAATBU
0000000811	17	5%	-1.0		100000.0	500000.0	-1.0		COAATBU
0000000812	17	5%	-1.0		500000.0	1000000.0	-1.0		COAATBU
0000000813	17	5%	-1.0		1000000.0		-1.0		COAATBU
0000000814	17	6%	-1.0		0.0	50000.0	-1.0		COAATBU
0000000815	17	6%	-1.0		50000.0	100000.0	-1.0		COAATBU
0000000816	17	6%	-1.0		100000.0	500000.0	-1.0		COAATBU
0000000817	17	6%	-1.0		500000.0	1000000.0	-1.0		COAATBU
0000000818	17	6%	-1.0		1000000.0		-1.0		COAATBU
0000000819	17	7%	-1.0		0.0	50000.0	-1.0		COAATBU
0000000820	17	7%	-1.0		50000.0	100000.0	-1.0		COAATBU
0000000821	17	7%	-1.0		100000.0	500000.0	-1.0		COAATBU
0000000822	17	7%	-1.0		500000.0	1000000.0	-1.0		COAATBU
0000000823	17	7%	-1.0		1000000.0		-1.0		COAATBU
0000000824	11	12	0.0	200.0	-1.0		-1.0		COAATBU
0000000825	11	12	200.0	400.0	-1.0		-1.0		COAATBU
0000000826	11	12	400.0	600.0	-1.0		-1.0		COAATBU
0000000827	11	12	600.0	1000.0	-1.0		-1.0		COAATBU
0000000828	11	12	1000.0	2000.0	-1.0		-1.0		COAATBU
0000000829	11	12	2000.0		-1.0		-1.0		COAATBU
0000000830	11	13	0.0	200.0	-1.0		-1.0		COAATBU
0000000831	11	13	200.0	400.0	-1.0		-1.0		COAATBU
0000000832	11	13	400.0	600.0	-1.0		-1.0		COAATBU
0000000833	11	13	600.0	1000.0	-1.0		-1.0		COAATBU
0000000834	11	13	1000.0	2000.0	-1.0		-1.0		COAATBU
0000000835	11	13	2000.0		-1.0		-1.0		COAATBU
0000000836	11	22	0.0	200.0	-1.0		-1.0		COAATBU
0000000837	11	22	200.0	400.0	-1.0		-1.0		COAATBU
0000000838	11	22	400.0	600.0	-1.0		-1.0		COAATBU
0000000839	11	22	600.0	1000.0	-1.0		-1.0		COAATBU
0000000840	11	22	1000.0	2000.0	-1.0		-1.0		COAATBU
0000000841	11	22	2000.0		-1.0		-1.0		COAATBU
0000000842	11	23	0.0	200.0	-1.0		-1.0		COAATBU
0000000843	11	23	200.0	400.0	-1.0		-1.0		COAATBU
0000000844	11	23	400.0	600.0	-1.0		-1.0		COAATBU
0000000845	11	23	600.0	1000.0	-1.0		-1.0		COAATBU
0000000846	11	23	1000.0	2000.0	-1.0		-1.0		COAATBU
0000000847	11	23	2000.0		-1.0		-1.0		COAATBU
0000000848	11	3%	0.0	200.0	-1.0		-1.0		COAATBU
0000000849	11	3%	200.0	400.0	-1.0		-1.0		COAATBU
0000000850	11	3%	400.0	600.0	-1.0		-1.0		COAATBU
0000000851	11	3%	600.0	1000.0	-1.0		-1.0		COAATBU
0000000852	11	3%	1000.0	2000.0	-1.0		-1.0		COAATBU
0000000853	11	3%	2000.0		-1.0		-1.0		COAATBU
0000000854	11	4%	0.0	200.0	-1.0		-1.0		COAATBU
0000000855	11	4%	200.0	400.0	-1.0		-1.0		COAATBU
0000000856	11	4%	400.0	600.0	-1.0		-1.0		COAATBU
0000000857	11	4%	600.0	1000.0	-1.0		-1.0		COAATBU
0000000858	11	4%	1000.0	2000.0	-1.0		-1.0		COAATBU
0000000859	11	4%	2000.0		-1.0		-1.0		COAATBU
0000000860	12	12	0.0	200.0	-1.0		-1.0		COAATBU
0000000861	12	12	200.0	400.0	-1.0		-1.0		COAATBU
0000000862	12	12	400.0	600.0	-1.0		-1.0		COAATBU
0000000863	12	12	600.0	1000.0	-1.0		-1.0		COAATBU
0000000864	12	12	1000.0	2000.0	-1.0		-1.0		COAATBU
0000000865	12	12	2000.0		-1.0		-1.0		COAATBU
0000000866	12	13	0.0	200.0	-1.0		-1.0		COAATBU
0000000867	12	13	200.0	400.0	-1.0		-1.0		COAATBU
0000000868	12	13	400.0	600.0	-1.0		-1.0		COAATBU
0000000869	12	13	600.0	1000.0	-1.0		-1.0		COAATBU
0000000870	12	13	1000.0	2000.0	-1.0		-1.0		COAATBU
0000000871	12	13	2000.0		-1.0		-1.0		COAATBU
0000000872	12	22	0.0	200.0	-1.0		-1.0		COAATBU
0000000873	12	22	200.0	400.0	-1.0		-1.0		COAATBU
0000000874	12	22	400.0	600.0	-1.0		-1.0		COAATBU
0000000875	12	22	600.0	1000.0	-1.0		-1.0		COAATBU
0000000876	12	22	1000.0	2000.0	-1.0		-1.0		COAATBU
0000000877	12	22	2000.0		-1.0		-1.0		COAATBU
0000000878	12	23	0.0	200.0	-1.0		-1.0		COAATBU
0000000879	12	23	200.0	400.0	-1.0		-1.0		COAATBU
0000000880	12	23	400.0	600.0	-1.0		-1.0		COAATBU
0000000881	12	23	600.0	1000.0	-1.0		-1.0		COAATBU
0000000882	12	23	1000.0	2000.0	-1.0		-1.0		COAATBU
0000000883	12	23	2000.0		-1.0		-1.0		COAATBU
0000000884	12	3%	0.0	200.0	-1.0		-1.0		COAATBU
0000000885	12	3%	200.0	400.0	-1.0		-1.0		COAATBU
0000000886	12	3%	400.0	600.0	-1.0		-1.0		COAATBU
0000000887	12	3%	600.0	1000.0	-1.0		-1.0		COAATBU
0000000888	12	3%	1000.0	2000.0	-1.0		-1.0		COAATBU
0000000889	12	3%	2000.0		-1.0		-1.0		COAATBU
0000000890	12	4%	0.0	200.0	-1.0		-1.0		COAATBU
0000000891	12	4%	200.0	400.0	-1.0		-1.0		COAATBU
0000000892	12	4%	400.0	600.0	-1.0		-1.0		COAATBU
0000000893	12	4%	600.0	1000.0	-1.0		-1.0		COAATBU
0000000894	12	4%	1000.0	2000.0	-1.0		-1.0		COAATBU
0000000895	12	4%	2000.0		-1.0		-1.0		COAATBU
0000000896	15	12	0.0	200.0	-1.0		-1.0		COAATBU
0000000897	15	12	200.0	400.0	-1.0		-1.0		COAATBU
0000000898	15	12	400.0	600.0	-1.0		-1.0		COAATBU
0000000899	15	12	600.0	1000.0	-1.0		-1.0		COAATBU
0000000900	15	12	1000.0	2000.0	-1.0		-1.0		COAATBU
0000000901	15	12	2000.0		-1.0		-1.0		COAATBU
0000000902	15	13	0.0	200.0	-1.0		-1.0		COAATBU
0000000903	15	13	200.0	400.0	-1.0		-1.0		COAATBU
0000000904	15	13	400.0	600.0	-1.0		-1.0		COAATBU
0000000905	15	13	600.0	1000.0	-1.0		-1.0		COAATBU
0000000906	15	13	1000.0	2000.0	-1.0		-1.0		COAATBU
0000000907	15	13	2000.0		-1.0		-1.0		COAATBU
0000000908	15	22	0.0	200.0	-1.0		-1.0		COAATBU
0000000909	15	22	200.0	400.0	-1.0		-1.0		COAATBU
0000000910	15	22	400.0	600.0	-1.0		-1.0		COAATBU
0000000911	15	22	600.0	1000.0	-1.0		-1.0		COAATBU
0000000912	15	22	1000.0	2000.0	-1.0		-1.0		COAATBU
0000000913	15	22	2000.0		-1.0		-1.0		COAATBU
0000000914	15	23	0.0	200.0	-1.0		-1.0		COAATBU
0000000915	15	23	200.0	400.0	-1.0		-1.0		COAATBU
0000000916	15	23	400.0	600.0	-1.0		-1.0		COAATBU
0000000917	15	23	600.0	1000.0	-1.0		-1.0		COAATBU
0000000918	15	23	1000.0	2000.0	-1.0		-1.0		COAATBU
0000000919	15	23	2000.0		-1.0		-1.0		COAATBU
0000000920	15	3%	0.0	200.0	-1.0		-1.0		COAATBU
0000000921	15	3%	200.0	400.0	-1.0		-1.0		COAATBU
0000000922	15	3%	400.0	600.0	-1.0		-1.0		COAATBU
0000000923	15	3%	600.0	1000.0	-1.0		-1.0		COAATBU
0000000924	15	3%	1000.0	2000.0	-1.0		-1.0		COAATBU
0000000925	15	3%	2000.0		-1.0		-1.0		COAATBU
0000000926	15	4%	0.0	200.0	-1.0		-1.0		COAATBU
0000000927	15	4%	200.0	400.0	-1.0		-1.0		COAATBU
0000000928	15	4%	400.0	600.0	-1.0		-1.0		COAATBU
0000000929	15	4%	600.0	1000.0	-1.0		-1.0		COAATBU
0000000930	15	4%	1000.0	2000.0	-1.0		-1.0		COAATBU
0000000931	15	4%	2000.0		-1.0		-1.0		COAATBU
0000000932	11	5%	-1.0		0.0	50000.0	-1.0		COAATBU
0000000933	11	5%	-1.0		50000.0	100000.0	-1.0		COAATBU
0000000934	11	5%	-1.0		100000.0	500000.0	-1.0		COAATBU
0000000935	11	5%	-1.0		500000.0	1000000.0	-1.0		COAATBU
0000000936	11	5%	-1.0		1000000.0		-1.0		COAATBU
0000000937	11	6%	-1.0		0.0	50000.0	-1.0		COAATBU
0000000938	11	6%	-1.0		50000.0	100000.0	-1.0		COAATBU
0000000939	11	6%	-1.0		100000.0	500000.0	-1.0		COAATBU
0000000940	11	6%	-1.0		500000.0	1000000.0	-1.0		COAATBU
0000000941	11	6%	-1.0		1000000.0		-1.0		COAATBU
0000000942	11	7%	-1.0		0.0	50000.0	-1.0		COAATBU
0000000943	11	7%	-1.0		50000.0	100000.0	-1.0		COAATBU
0000000944	11	7%	-1.0		100000.0	500000.0	-1.0		COAATBU
0000000945	11	7%	-1.0		500000.0	1000000.0	-1.0		COAATBU
0000000946	11	7%	-1.0		1000000.0		-1.0		COAATBU
0000000947	12	5%	-1.0		0.0	50000.0	-1.0		COAATBU
0000000948	12	5%	-1.0		50000.0	100000.0	-1.0		COAATBU
0000000949	12	5%	-1.0		100000.0	500000.0	-1.0		COAATBU
0000000950	12	5%	-1.0		500000.0	1000000.0	-1.0		COAATBU
0000000951	12	5%	-1.0		1000000.0		-1.0		COAATBU
0000000952	12	6%	-1.0		0.0	50000.0	-1.0		COAATBU
0000000953	12	6%	-1.0		50000.0	100000.0	-1.0		COAATBU
0000000954	12	6%	-1.0		100000.0	500000.0	-1.0		COAATBU
0000000955	12	6%	-1.0		500000.0	1000000.0	-1.0		COAATBU
0000000956	12	6%	-1.0		1000000.0		-1.0		COAATBU
0000000957	12	7%	-1.0		0.0	50000.0	-1.0		COAATBU
0000000958	12	7%	-1.0		50000.0	100000.0	-1.0		COAATBU
0000000959	12	7%	-1.0		100000.0	500000.0	-1.0		COAATBU
0000000960	12	7%	-1.0		500000.0	1000000.0	-1.0		COAATBU
0000000961	12	7%	-1.0		1000000.0		-1.0		COAATBU
0000000962	15	5%	-1.0		0.0	50000.0	-1.0		COAATBU
0000000963	15	5%	-1.0		50000.0	100000.0	-1.0		COAATBU
0000000964	15	5%	-1.0		100000.0	500000.0	-1.0		COAATBU
0000000965	15	5%	-1.0		500000.0	1000000.0	-1.0		COAATBU
0000000966	15	5%	-1.0		1000000.0		-1.0		COAATBU
0000000967	15	6%	-1.0		0.0	50000.0	-1.0		COAATBU
0000000968	15	6%	-1.0		50000.0	100000.0	-1.0		COAATBU
0000000969	15	6%	-1.0		100000.0	500000.0	-1.0		COAATBU
0000000970	15	6%	-1.0		500000.0	1000000.0	-1.0		COAATBU
0000000971	15	6%	-1.0		1000000.0		-1.0		COAATBU
0000000972	15	7%	-1.0		0.0	50000.0	-1.0		COAATBU
0000000973	15	7%	-1.0		50000.0	100000.0	-1.0		COAATBU
0000000974	15	7%	-1.0		100000.0	500000.0	-1.0		COAATBU
0000000975	15	7%	-1.0		500000.0	1000000.0	-1.0		COAATBU
0000000976	15	7%	-1.0		1000000.0		-1.0		COAATBU
0000000977	0%	1%	-1.0		0.0	100000.0	-1.0		COAATBU
0000000978	0%	1%	-1.0		100000.0	500000.0	-1.0		COAATBU
0000000979	0%	1%	-1.0		500000.0	1000000.0	-1.0		COAATBU
0000000980	0%	1%	-1.0		1000000.0	2000000.0	-1.0		COAATBU
0000000981	0%	1%	-1.0		2000000.0	3000000.0	-1.0		COAATBU
0000000982	0%	1%	-1.0		3000000.0		-1.0		COAATBU
0000000983	0%	2%	-1.0		0.0	100000.0	-1.0		COAATBU
0000000984	0%	2%	-1.0		100000.0	500000.0	-1.0		COAATBU
0000000985	0%	2%	-1.0		500000.0	1000000.0	-1.0		COAATBU
0000000986	0%	2%	-1.0		1000000.0	2000000.0	-1.0		COAATBU
0000000987	0%	2%	-1.0		2000000.0	3000000.0	-1.0		COAATBU
0000000988	0%	2%	-1.0		3000000.0		-1.0		COAATBU
0000000989	0%	3%	-1.0		0.0	100000.0	-1.0		COAATBU
0000000990	0%	3%	-1.0		100000.0	500000.0	-1.0		COAATBU
0000000991	0%	3%	-1.0		500000.0	1000000.0	-1.0		COAATBU
0000000992	0%	3%	-1.0		1000000.0	2000000.0	-1.0		COAATBU
0000000993	0%	3%	-1.0		2000000.0	3000000.0	-1.0		COAATBU
0000000994	0%	3%	-1.0		3000000.0		-1.0		COAATBU
0000000995	0%	4%	-1.0		0.0	100000.0	-1.0		COAATBU
0000000996	0%	4%	-1.0		100000.0	500000.0	-1.0		COAATBU
0000000997	0%	4%	-1.0		500000.0	1000000.0	-1.0		COAATBU
0000000998	0%	4%	-1.0		1000000.0	2000000.0	-1.0		COAATBU
0000000999	0%	4%	-1.0		2000000.0	3000000.0	-1.0		COAATBU
0000001000	0%	4%	-1.0		3000000.0		-1.0		COAATBU
0000001001	0%	5%	-1.0		0.0	100000.0	-1.0		COAATBU
0000001002	0%	5%	-1.0		100000.0	500000.0	-1.0		COAATBU
0000001003	0%	5%	-1.0		500000.0	1000000.0	-1.0		COAATBU
0000001004	0%	5%	-1.0		1000000.0	2000000.0	-1.0		COAATBU
0000001005	0%	5%	-1.0		2000000.0	3000000.0	-1.0		COAATBU
0000001006	0%	5%	-1.0		3000000.0		-1.0		COAATBU
0000001007	0%	6%	-1.0		0.0	100000.0	-1.0		COAATBU
0000001008	0%	6%	-1.0		100000.0	500000.0	-1.0		COAATBU
0000001009	0%	6%	-1.0		500000.0	1000000.0	-1.0		COAATBU
0000001010	0%	6%	-1.0		1000000.0	2000000.0	-1.0		COAATBU
0000001011	0%	6%	-1.0		2000000.0	3000000.0	-1.0		COAATBU
0000001012	0%	6%	-1.0		3000000.0		-1.0		COAATBU
0000001013	0%	7%	-1.0		0.0	100000.0	-1.0		COAATBU
0000001014	0%	7%	-1.0		100000.0	500000.0	-1.0		COAATBU
0000001015	0%	7%	-1.0		500000.0	1000000.0	-1.0		COAATBU
0000001016	0%	7%	-1.0		1000000.0	2000000.0	-1.0		COAATBU
0000001017	0%	7%	-1.0		2000000.0	3000000.0	-1.0		COAATBU
0000001018	0%	7%	-1.0		3000000.0		-1.0		COAATBU
0000001019	0%	9%	-1.0		-1.0		-1.0		COAATBU
0000001020	1%	9%	-1.0		-1.0		-1.0		COAATBU
0000001021	4%	%	-1.0		-1.0		-1.0		COAATBU
0000001022	5%	%	-1.0		-1.0		-1.0		COAATBU
0000001023	6%	%	-1.0		-1.0		-1.0		COAATBU
0000001024	7%	%	-1.0		-1.0		-1.0		COAATBU
0000001025	8%	%	-1.0		-1.0		-1.0		COAATBU
0000001026	9%	%	-1.0		-1.0		-1.0		COAATBU
0000001027	01	%	-1.0		0.0	17500.0	-1.0		COAATAVI
0000001028	01	%	-1.0		17500.0	175000.0	-1.0		COAATAVI
0000001029	01	%	-1.0		175000.0	500000.0	-1.0		COAATAVI
0000001030	01	%	-1.0		500000.0		-1.0		COAATAVI
0000001031	02	%	-1.0		0.0	17500.0	-1.0		COAATAVI
0000001032	02	%	-1.0		17500.0	175000.0	-1.0		COAATAVI
0000001033	02	%	-1.0		175000.0	500000.0	-1.0		COAATAVI
0000001034	02	%	-1.0		500000.0		-1.0		COAATAVI
0000001035	03	%	-1.0		0.0	17500.0	-1.0		COAATAVI
0000001036	03	%	-1.0		17500.0	175000.0	-1.0		COAATAVI
0000001037	03	%	-1.0		175000.0	500000.0	-1.0		COAATAVI
0000001038	03	%	-1.0		500000.0		-1.0		COAATAVI
0000001039	04	%	-1.0		0.0	17500.0	-1.0		COAATAVI
0000001040	04	%	-1.0		17500.0	175000.0	-1.0		COAATAVI
0000001041	04	%	-1.0		175000.0	500000.0	-1.0		COAATAVI
0000001042	04	%	-1.0		500000.0		-1.0		COAATAVI
0000001043	05	%	-1.0		0.0	17500.0	-1.0		COAATAVI
0000001044	05	%	-1.0		17500.0	175000.0	-1.0		COAATAVI
0000001045	05	%	-1.0		175000.0	500000.0	-1.0		COAATAVI
0000001046	05	%	-1.0		500000.0		-1.0		COAATAVI
0000001047	11	%	-1.0		0.0	17500.0	-1.0		COAATAVI
0000001048	11	%	-1.0		17500.0	175000.0	-1.0		COAATAVI
0000001049	11	%	-1.0		175000.0	500000.0	-1.0		COAATAVI
0000001050	11	%	-1.0		500000.0		-1.0		COAATAVI
0000001051	12	%	-1.0		0.0	17500.0	-1.0		COAATAVI
0000001052	12	%	-1.0		17500.0	175000.0	-1.0		COAATAVI
0000001053	12	%	-1.0		175000.0	500000.0	-1.0		COAATAVI
0000001054	12	%	-1.0		500000.0		-1.0		COAATAVI
0000001055	13	%	-1.0		0.0	17500.0	-1.0		COAATAVI
0000001056	13	%	-1.0		17500.0	175000.0	-1.0		COAATAVI
0000001057	13	%	-1.0		175000.0	500000.0	-1.0		COAATAVI
0000001058	13	%	-1.0		500000.0		-1.0		COAATAVI
0000001059	14	%	-1.0		0.0	17500.0	-1.0		COAATAVI
0000001060	14	%	-1.0		17500.0	175000.0	-1.0		COAATAVI
0000001061	14	%	-1.0		175000.0	500000.0	-1.0		COAATAVI
0000001062	14	%	-1.0		500000.0		-1.0		COAATAVI
0000001063	15	%	-1.0		0.0	17500.0	-1.0		COAATAVI
0000001064	15	%	-1.0		17500.0	175000.0	-1.0		COAATAVI
0000001065	15	%	-1.0		175000.0	500000.0	-1.0		COAATAVI
0000001066	15	%	-1.0		500000.0		-1.0		COAATAVI
0000001067	16	%	-1.0		0.0	17500.0	-1.0		COAATAVI
0000001068	16	%	-1.0		17500.0	175000.0	-1.0		COAATAVI
0000001069	16	%	-1.0		175000.0	500000.0	-1.0		COAATAVI
0000001070	16	%	-1.0		500000.0		-1.0		COAATAVI
0000001071	17	%	-1.0		0.0	17500.0	-1.0		COAATAVI
0000001072	17	%	-1.0		17500.0	175000.0	-1.0		COAATAVI
0000001073	17	%	-1.0		175000.0	500000.0	-1.0		COAATAVI
0000001074	17	%	-1.0		500000.0		-1.0		COAATAVI
0000001075	41	%	-1.0		-1.0		-1.0		COAATAVI
0000001076	42	%	-1.0		-1.0		-1.0		COAATAVI
0000001077	43	%	-1.0		-1.0		-1.0		COAATAVI
0000001078	44	%	-1.0		-1.0		-1.0		COAATAVI
0000001079	45	%	-1.0		-1.0		-1.0		COAATAVI
0000001080	46	%	-1.0		-1.0		-1.0		COAATAVI
0000001081	5%	%	-1.0		0.0	17500.0	-1.0		COAATAVI
0000001082	5%	%	-1.0		17500.0	175000.0	-1.0		COAATAVI
0000001083	5%	%	-1.0		175000.0	500000.0	-1.0		COAATAVI
0000001084	5%	%	-1.0		500000.0		-1.0		COAATAVI
0000001085	6%	%	-1.0		-1.0		-1.0		COAATAVI
0000001086	7%	%	-1.0		-1.0		-1.0		COAATAVI
0000001087	8%	%	-1.0		-1.0		-1.0		COAATAVI
0000001088	9%	%	-1.0		-1.0		-1.0		COAATAVI
0000010001	01	%	0.0	3000.0	-1.0		-1.0		COAATLE
0000010008	01	%	3000.0	10000.0	-1.0		-1.0		COAATLE
0000010009	01	%	10000.0	1000000.0	-1.0		-1.0		COAATLE
0000010010	02	%	-1.0	0.0	-1.0		-1.0		COAATLE
0000010011	03	%	600.0	3000.0	-1.0		-1.0		COAATLE
0000010012	03	%	3000.0	1000000.0	-1.0		-1.0		COAATLE
0000010013	11	%	0.0	200.0	-1.0		-1.0		COAATLE
0000010014	12	%	0.0	200.0	-1.0		-1.0		COAATLE
0000010015	13	%	0.0	200.0	-1.0		-1.0		COAATLE
0000010016	11	%	200.0	2000.0	-1.0		-1.0		COAATLE
0000010017	12	%	200.0	2000.0	-1.0		-1.0		COAATLE
0000010019	13	%	200.0	2000.0	-1.0		-1.0		COAATLE
0000010020	11	%	2000.0	1000000.0	-1.0		-1.0		COAATLE
0000010022	13	%	2000.0	1000000.0	-1.0		-1.0		COAATLE
0000010023	63	%	0.0		-1.0		-1.0		COAATLE
0000010024	73	%	-1.0		-1.0		-1.0		COAATLE
0000010025	77	%	-1.0		-1.0		-1.0		COAATLE
0000010026	81	%	-1.0		-1.0		-1.0		COAATLE
0000010027	14	%	400.0	1000.0	-1.0		-1.0		COAATLE
0000010028	14	%	1000.0	2000.0	-1.0		-1.0		COAATLE
0000010029	14	%	2000.0	4000.0	-1.0		-1.0		COAATLE
0000010030	14	%	4000.0	8000.0	-1.0		-1.0		COAATLE
0000010031	14	%	8000.0	1000000.0	-1.0		-1.0		COAATLE
0000010032	01	71	-1.0		-1.0		-1.0		COAATLE
0000010033	01	72	-1.0		-1.0		-1.0		COAATLE
0000010034	03	%	0.0	600.0	-1.0		-1.0		COAATLE
0000010035	11	41	200.0	600.0	-1.0		-1.0		COAATLE
0000010036	12	41	200.0	600.0	-1.0		-1.0		COAATLE
0000010018	13	41	200.0	600.0	-1.0		-1.0		COAATLE
0000010037	11	41	600.0	1000000.0	-1.0		-1.0		COAATLE
0000010038	12	41	600.0	1000000.0	-1.0		-1.0		COAATLE
0000010039	13	41	600.0	1000000.0	-1.0		-1.0		COAATLE
0000010040	11	91	0.0	1500.0	-1.0		-1.0		COAATLE
0000010041	12	91	0.0	1500.0	-1.0		-1.0		COAATLE
0000010042	13	91	0.0	1500.0	-1.0		-1.0		COAATLE
0000010043	11	91	1500.0	5000.0	-1.0		-1.0		COAATLE
0000010044	12	91	1500.0	5000.0	-1.0		-1.0		COAATLE
0000010045	13	91	1500.0	5000.0	-1.0		-1.0		COAATLE
0000010046	11	91	5000.0	1000000.0	-1.0		-1.0		COAATLE
0000010047	12	91	5000.0	1000000.0	-1.0		-1.0		COAATLE
0000010048	13	91	5000.0	1000000.0	-1.0		-1.0		COAATLE
0000010049	11	71	0.0	2000.0	-1.0		-1.0		COAATLE
0000010050	12	71	0.0	2000.0	-1.0		-1.0		COAATLE
0000010051	13	71	0.0	2000.0	-1.0		-1.0		COAATLE
0000010052	11	71	2000.0	1000000.0	-1.0		-1.0		COAATLE
0000010053	12	71	2000.0	1000000.0	-1.0		-1.0		COAATLE
0000010054	13	71	2000.0	1000000.0	-1.0		-1.0		COAATLE
0000010055	71	%	-1.0		-1.0		-1.0		COAATLE
0000010056	42	%	-1.0		-1.0		-1.0		COAATLE
0000010057	14	%	0.0	400.0	-1.0		-1.0		COAATLE
0000010021	12	%	2000.0	1000000.0	-1.0		-1.0		COAATLE
0000010058	65	%	-1.0		-1.0	0.0	-1.0		COAATLE
