0000000001	0000000001	0300266699	99.0	000000115609298	348.0	000000110920846	2	000000044169397
0000000002	0000000002	0300266699	81.0	000000084604380	387.0	000000129947265	2	000000089512282
0000000003	0000000003	0300266699	7.0	000000016993564	14.0	000000010414037	2	000000076675988
0000000004	0000000004	0700013178	6.0	000000040165209	106.0	000000012961967	2	000000013467792
0000100002	0000100002	0603085041	4.0	000000002476800	9.0	000000000695277	2	000000058827091
0000100003	0000100003	0603085041	6.0	000000003704262	14.0	000000001468055	2	000000056590884
0000100004	0000100004	0603085041	1.0	000000000100000	23.0	000000002757651	2	000000069857204
0000100005	0000100005	0603085041	0.0	000000000000000	23.0	000000005740250	2	000000064503940
0000100006	0000100006	0603085041	4.0	000000001051892	21.0	000000001913447	2	000000065365495
0000100007	0000100007	0603085041	0.0	000000000000000	27.0	000000002150993	2	000000067516488
0000100008	0000100008	0603085041	0.0	000000000000000	7.0	000000000436228	2	000000067952716
0000100009	0000100009	0603085041	5.0	000000004027119	14.0	000000000770945	2	000000064696542
0000100010	0000100010	0603085041	0.0	000000000000000	27.0	000000002749266	2	000000067445808
0000100011	0000100011	0603085041	2.0	000000005625223	11.0	000000001211633	2	000000063032218
0000100012	0000100012	0603085041	1.0	000000000916379	14.0	000000001736440	2	000000063852279
0000100013	0000100013	0603085041	0.0	000000000000000	34.0	000000003533990	2	000000067386269
0000100014	0000100014	0603085041	3.0	000000000109824	9.0	000000000964669	2	000000068241114
0000100015	0000100015	0603085041	0.0	000000000000000	14.0	000000001823288	2	000000070064402
0000100016	0000100016	0603085041	0.0	000000000000000	14.0	000000001265767	2	000000071330169
0000100017	0000100017	0603085041	2.0	000000001415558	14.0	000000001068824	2	000000070983435
0000100018	0000100018	0603085041	4.0	000000002125677	13.0	000000001227903	2	000000070085661
0000100019	0000100019	0603085041	3.0	000000012393836	23.0	000000003004893	2	000000060696718
0000100020	0000100020	0603085041	0.0	000000000000000	9.0	000000000945624	2	000000061642342
0000100021	0000100021	0603085041	8.0	000000001989783	13.0	000000001467281	2	000000061119840
0000100022	0000100022	0603085041	1.0	000000001256712	10.0	000000001905396	2	000000061768524
0000100023	0000100023	0603085041	2.0	000000000380048	28.0	000000002279704	2	000000063668180
0000100024	0000100024	0603085041	4.0	000000012937835	16.0	000000001463614	2	000000052193959
0000100025	0000100025	0603085041	0.0	000000000000000	18.0	000000001407727	2	000000053601686
0000100026	0000100026	0603085041	1.0	000000000008700	4.0	000000000414020	2	000000054007006
0000100027	0000100027	0603085041	0.0	000000000000000	10.0	000000000374972	2	000000054381978
0000100028	0000100028	0603085041	3.0	000000001001483	19.0	000000001164207	2	000000054544702
0000200001	0000200001	0046502055	677.0	000000404455123	1055.0	000000413570067	2	000000059979481
0000200002	0000200002	0046502055	864.0	000000406953745	995.0	000000358675283	2	000000011701019
0000200003	0000200003	0040490091	31.0	000000001101822	17.0	000000000953140	2	000000003206839
0000200004	0000200004	0011885851	1024.0	000000656584005	297.0	000000601201220	1	000000036194576
0000200005	0000200005	0046502055	633.0	000000145267499	399.0	000000158625689	2	000000025059209
0000200006	0000200006	0046502055	27.0	000000030741712	103.0	000000014701584	2	000000009019081
0000200007	0000200007	0046502055	29.0	000000018368271	241.0	000000022900957	2	000000013551767
0000200008	0000200008	0011885851	406.0	000000244408766	157.0	000000287402549	2	000000006799207
0000200009	0000200009	0040542489	26.0	000000166368615	11.0	000000066494154	2	000000000718269
0000200010	0000200010	0040513982	28.0	000000000674141	14.0	000000000803247	2	000000003273086
0000200011	0000200011	0040490091	46.0	000000001667418	31.0	000000001862728	2	000000003550831
0000200012	0000200012	0046502055	511.0	000000064103570	325.0	000000092853001	2	000000042301198
0000200013	0000200013	3100471293	61.0	000000477053140	43.0	000000475468413	2	000000000031544
0000200014	0000200014	1100733744	2.0	000000064300060	29.0	000000057770558	2	000000000083900
0000200015	0000200015	0040490091	5.0	000000000188582	4.0	000000000072244	2	000000003434493
0000200016	0000200016	0046502055	86.0	000000044425938	149.0	000000017316345	2	000000015191605
0000200017	0000200017	0040514409	2.0	000000010392370	10.0	000000000309051	2	000000009024254
0000200018	0000200018	0100001357	4.0	000000000827892	1.0	000000000562593	2	000000033854618
0000200019	0000200019	0040514409	0.0	000000000000000	1.0	000000000025710	2	000000009049964
0000200020	0000200020	0040490091	5.0	000000000170023	7.0	000000000299138	2	000000003563608
0000200021	0000200021	0040513982	5.0	000000000011339	2.0	000000000018649	2	000000003280396
0000200022	0000200022	0046502055	28.0	000000019827476	119.0	000000011952220	2	000000007316349
0000200023	0000200023	0100001357	1.0	000000025006031	0.0	000000000000000	2	000000008848587
0000200024	0000200024	0040542489	0.0	000000000000000	2.0	000000000061220	2	000000000779489
0000200025	0000200025	3100471293	24.0	000000000120000	19.0	000000000169105	2	000000000080649
0000200026	0000200026	1100733744	0.0	000000000000000	1.0	000000000040281	2	000000000124181
0000200027	0000200027	0203333333	20.0	000000407115933	22.0	000000424371854	2	000000052768064
0000200028	0000200028	0200250004	44.0	000000429398479	288.0	000000398337836	2	000000007282136
0000200029	0000200029	0011885851	323.0	000000179644062	109.0	000000177934999	2	000000005090144
0000200030	0000200030	0046502055	14.0	000000000266367	145.0	000000013279979	2	000000020329961
0000200031	0000200031	0040542489	0.0	000000000000000	1.0	000000000002588	2	000000000782077
0000200032	0000200032	0100001357	0.0	000000000000000	1.0	000000000537409	2	000000009385996
0000200033	0000200033	0046502055	24.0	000000030536365	109.0	000000016925731	2	000000006719327
0000200034	0000200034	0040490091	5.0	000000000149101	6.0	000000000235129	2	000000003649636
0000200035	0000200035	0040513982	2.0	000000000003656	1.0	000000000009498	2	000000003286238
0000200036	0000200036	0040514409	0.0	000000000000000	1.0	000000000026652	2	000000009076616
0000200037	0000200037	3100471293	16.0	000000000080000	3.0	000000001341425	2	000000001342074
0000200038	0000200038	1100733744	0.0	000000000000000	2.0	000000000229889	2	000000000354070
0000200039	0000200039	0011885851	181.0	000000108160851	53.0	000000112094229	2	000000009023522
0000200040	0000200040	0200250004	3.0	000000013000077	28.0	000000012891864	2	000000007173923
0000200041	0000200041	0203333333	6.0	000000076699719	3.0	000000030227067	2	000000006295412
0000200042	0000200042	0046502055	108.0	000000008502117	125.0	000000013872410	2	000000012089620
0000200043	0000200043	0046502055	432.0	000000070083477	117.0	000000073095630	2	000000015101773
0000200044	0000200044	0046502055	18.0	000000000664009	166.0	000000017966615	2	000000032404379
0000200045	0000200045	0046502055	27.0	000000031888825	137.0	000000015952937	2	000000016468491
0000200046	0000200046	0040542489	0.0	000000000000000	2.0	000000000002205	2	000000000784282
0000200047	0000200047	0046502055	16.0	000000093316499	123.0	000000091893836	2	000000015045828
0000200048	0000200048	0040513982	6.0	000000000011781	2.0	000000000007697	2	000000003282154
0000200049	0000200049	0040490091	10.0	000000000350573	10.0	000000000354032	2	000000003653095
0000200050	0000200050	0040514409	1.0	000000000000135	2.0	000000000022227	2	000000009098708
0000200051	0000200051	0046502055	21.0	000000000500170	154.0	000000014472526	2	000000029018184
0000200052	0000200052	0100001357	1.0	000000009004531	0.0	000000000000000	2	000000000381465
0000200053	0000200053	1100733744	1.0	000000100000000	5.0	000000102231180	2	000000002585250
0000200054	0000200054	3100471293	6.0	000000232574202	8.0	000000232332204	2	000000001100076
0000200055	0000200055	0200250004	6.0	000000020569152	87.0	000000061826166	2	000000048430937
0000200056	0000200056	0203333333	2.0	000000007436449	5.0	000000039855909	2	000000038714872
0000200057	0000200057	0011885851	510.0	000000219006905	157.0	000000206017408	1	000000003965975
0000200058	0000200058	0046502055	507.0	000000117961212	339.0	000000110005815	2	000000021062787
0000200059	0000200059	0046502055	39.0	000000001337522	172.0	000000012212346	2	000000031937611
0000200060	0000200060	0040490091	11.0	000000000328442	15.0	000000000618244	2	000000003942897
0000200061	0000200061	0040513982	5.0	000000000010982	6.0	000000000644564	2	000000003915736
0000200062	0000200062	0040514409	1.0	000000000135000	2.0	000000000014542	2	000000008978250
0000200063	0000200063	0046502055	25.0	000000150341208	152.0	000000140115347	2	000000021711750
0000200064	0000200064	0040542489	0.0	000000000000000	3.0	000000000001568	2	000000000785850
0000200065	0000200065	1100733744	0.0	000000000000000	1.0	000000000005330	2	000000002590580
0000200066	0000200066	3100471293	1.0	000000000000400	5.0	000000000136613	2	000000001236289
0000200067	0000200067	1100733744	0.0	000000000000000	1.0	000000000005168	2	000000002595748
0000200068	0000200068	3100471293	1.0	000000000010440	2.0	000000000118375	2	000000001344224
0000200069	0000200069	0200250004	10.0	000000054439610	65.0	000000034935314	2	000000028926641
0000200070	0000200070	0203333333	5.0	000000116448888	3.0	000000100255548	2	000000022521532
0000200071	0000200071	0011885851	293.0	000000348473311	120.0	000000359858126	2	000000007418840
0000200072	0000200072	0046502055	33.0	000000003368952	149.0	000000011345617	2	000000029688415
0000200073	0000200073	0046502055	55.0	000000094197454	188.0	000000065380934	2	000000000871895
0000200074	0000200074	0046502055	19.0	000000000550078	172.0	000000049919068	2	000000050240885
0000200075	0000200075	0046502055	470.0	000000055498959	190.0	000000020183838	2	000000014925764
0000200076	0000200076	0200250004	11.0	000000057837704	66.0	000000043060645	2	000000014149582
0000200077	0000200077	0203333333	3.0	000000022974401	2.0	000000001262122	2	000000000809253
0000200078	0000200078	0011885851	325.0	000000121078217	130.0	000000132073976	2	000000018414599
0000200079	0000200079	0046502055	33.0	000000015532562	119.0	000000011279283	2	000000010672485
0000200080	0000200080	0046502055	45.0	000000073197365	278.0	000000068459619	2	000000005934739
0000200081	0000200081	0011885851	247.0	000000124759791	82.0	000000127322121	2	000000020976929
0000200082	0000200082	0200250004	6.0	000000013314005	61.0	000000017272051	2	000000018107628
0000200083	0000200083	0203333333	1.0	000000000394508	2.0	000000000117799	2	000000000532544
0000200084	0000200084	0040490091	25.0	000000000698470	27.0	000000001018253	2	000000004262680
0000200085	0000200085	0040513982	14.0	000000000030582	10.0	000000000443158	2	000000004328312
0000200086	0000200086	0040514409	1.0	000000000004280	5.0	000000000006758	2	000000008980728
0000200088	0000200087	0100001357	0.0	000000000000000	2.0	000000000019983	2	000000000401448
0000200089	0000200088	3100471293	2.0	000000002010400	5.0	000000000673420	2	000000000007244
0000200090	0000200089	1100733744	0.0	000000000000000	3.0	000000002019681	2	000000004615429
0000200091	0000200090	1100733744	0.0	000000000000000	2.0	000000000014106	2	000000004629535
0000200092	0000200091	3100471293	0.0	000000000000000	3.0	000000000525550	2	000000000532794
0000200093	0000200092	0046502055	464.0	000000156857619	356.0	000000182105167	2	000000031182287
0000200094	0000200093	0046502055	74.0	000000030665061	169.0	000000015896276	2	000000016413502
0000200095	0000200094	0040490091	5.0	000000000194093	5.0	000000000344832	2	000000004413419
0000200096	0000200095	0040513982	5.0	000000001001075	4.0	000000000597460	2	000000003924697
0000200097	0000200096	0046502055	23.0	000000020335486	150.0	000000010304311	2	000000006382327
0000200099	0000200097	0203333333	6.0	000000216448888	4.0	000000221601110	2	000000005684766
0000200100	0000200098	0200250004	6.0	000000041924242	68.0	000000037337151	2	000000013520537
0000200101	0000200099	0011885851	255.0	000000136024727	94.0	000000113590710	1	000000001457088
0000200102	0000200100	1100733744	0.0	000000000000000	2.0	000000000015685	2	000000004645220
0000200103	0000200101	3100471293	2.0	000000000000430	4.0	000000000167544	2	000000000699908
0000200104	0000200102	0046502055	15.0	000000001703522	144.0	000000033659895	2	000000038338700
0000200105	0000200103	0011885851	160.0	000000102480842	54.0	000000107245937	2	000000003308007
0000200106	0000200104	0200250004	3.0	000000010006345	29.0	000000009988862	2	000000013503054
0000200107	0000200105	0203333333	1.0	000000000364674	0.0	000000000000000	2	000000005320092
0000200108	0000200106	0046502055	24.0	000000050338104	154.0	000000031680611	2	000000019681207
0000200109	0000200107	0040513982	6.0	000000000010989	8.0	000000000319014	2	000000004232722
0000200110	0000200108	0040514409	2.0	000000004000135	5.0	000000000104857	2	000000005085450
0000200111	0000200109	0040490091	8.0	000000000201011	16.0	000000000566500	2	000000004778908
0000200112	0000200110	0046502055	124.0	000000028037399	265.0	000000039045408	2	000000030689216
0000200113	0000200111	0046502055	395.0	000000061646212	168.0	000000042293135	2	000000011336139
0000200114	0000200112	0046502055	24.0	000000014655702	147.0	000000012136766	2	000000008817203
0000200115	0000200113	1100733744	0.0	000000000000000	1.0	000000000006251	2	000000004651471
0000200116	0000200114	3100471293	0.0	000000000000000	2.0	000000000475175	2	000000001175083
0000200117	0000200115	0100001357	0.0	000000000000000	1.0	000000000000875	2	000000000402323
0000200118	0000200116	0046502055	18.0	000000010223018	182.0	000000014161207	2	000000012755392
0000200119	0000200117	0200098938	29.0	000000113041306	175.0	000000107518723	2	000000007232809
0000200120	0000200118	0011885851	484.0	000000319795230	198.0	000000402139517	2	000000085652294
0000200121	0000200119	0200250004	18.0	000000050389916	118.0	000000065854650	2	000000028967788
0000200122	0000200120	0203333333	4.0	000000108263512	13.0	000000103704247	2	000000000760827
0000200123	0000200121	0200098938	492.0	000000055272331	385.0	000000062025743	2	000000013986221
0000200124	0000200122	0200098938	62.0	000000016258550	199.0	000000011133098	2	000000008860769
0000200125	0000200123	0200098938	42.0	000000000615452	255.0	000000019335096	2	000000027580413
0000200126	0000200124	0200098938	109.0	000000106535191	475.0	000000084297450	2	000000005342672
0000200127	0000200125	0200098938	710.0	000000152667761	983.0	000000151802377	2	000000004477288
0000200128	0000200126	0200250004	24.0	000000062545129	141.0	000000062787975	2	000000029210634
0000200129	0000200127	0203333333	4.0	000000032269025	6.0	000000032803739	2	000000001295541
0000200130	0000200128	0011885851	611.0	000000403877535	240.0	000000336636865	2	000000018411624
0000200131	0000200129	0100001357	0.0	000000000000000	1.0	000000000000687	2	000000000403010
0000200132	0000200130	1100733744	1.0	000000006000284	10.0	000000001811909	2	000000000463096
0000200133	0000200131	3100471293	8.0	000000001851817	19.0	000000002089101	2	000000001412367
0000200134	0000200132	0200081652	47.0	000000006575072	24.0	000000002347459	2	000000000005109
0000200135	0000200133	0200081931	12.0	000000000002184	9.0	000000000002755	2	000000005086021
0000200136	0000200134	0200068415	65.0	000000001492592	72.0	000000002126655	2	000000005412971
0000200137	0000200135	0200098938	489.0	000000100595972	333.0	000000102616343	2	000000006497659
0000200138	0000200136	0200098938	93.0	000000006564146	311.0	000000017416392	2	000000017349905
0000200139	0000200137	0200250004	14.0	000000091620110	66.0	000000075457439	2	000000013047963
0000200140	0000200138	0203333333	1.0	000000006448888	2.0	000000005550486	2	000000000397139
0000200141	0000200139	0011885851	282.0	000000182844316	128.0	000000173117312	2	000000008684620
0000200142	0000200140	0200098938	58.0	000000028512012	267.0	000000021353869	2	000000010191762
0000200143	0000200141	0200081652	1.0	000000000000291	2.0	000000000005568	2	000000000010229
0000200144	0000200142	0200068415	11.0	000000000209801	12.0	000000000486313	2	000000005689561
0000200146	0000200143	0200098938	452.0	000000066913153	302.0	000000066848534	2	000000010127143
0000200147	0000200144	0200250004	3.0	000000008003550	39.0	000000007955246	2	000000012999659
0000200148	0000200145	0203333333	1.0	000000000362955	1.0	000000000000362	2	000000000034546
0000200149	0000200146	0011885851	117.0	000000058776457	49.0	000000039300974	1	000000010790863
0000200150	0000200147	0011885851	104.0	000000043144442	45.0	000000059868505	2	000000005933200
0000200151	0000200148	3100471293	1.0	000000000000400	4.0	000000000364734	2	000000001776701
0000200152	0000200149	1100733744	0.0	000000000000000	3.0	000000000001855	2	000000000464951
0000200154	0000200150	0200098938	63.0	000000000628423	449.0	000000032188934	2	000000041687654
0000200155	0000200151	0200081931	2.0	000000000000371	1.0	000000000000419	2	000000005096591
0000200157	0000200152	0200098938	62.0	000000060834837	389.0	000000051471169	2	000000032323986
0000200158	0000200153	0200250004	7.0	000000018646886	25.0	000000016151751	2	000000010504524
0000200159	0000200154	0203333333	1.0	000000006448888	1.0	000000006500000	2	000000000085658
0000200163	0000200155	0200098938	422.0	000000089705683	329.0	000000068561235	2	000000013602721
0000200164	0000200156	0200098938	79.0	000000076770855	332.0	000000072688441	2	000000009520307
0000200165	0000200157	0203333333	17.0	000000013700021	21.0	000000018319944	2	000000004705581
0000200166	0000200158	0200250004	14.0	000000029326002	106.0	000000031879878	2	000000013058400
0000200167	0000200159	0011885851	320.0	000000260352795	208.0	000000347012622	2	000000092593027
0000200170	0000200160	0200068415	37.0	000000005789823	29.0	000000000779157	2	000000000678895
0000200171	0000200161	0200098938	99.0	000000028743638	317.0	000000021558784	2	000000002335453
0000200177	0000200162	0200081931	11.0	000000005015345	4.0	000000000071129	2	000000000152375
0000200178	0000200163	0011885851	198.0	000000197891407	136.0	000000106369855	2	000000001071475
0000200179	0000200164	0200250004	5.0	000000012628614	61.0	000000012351005	2	000000012780791
0000200180	0000200165	0203333333	8.0	000000025328803	8.0	000000025053556	2	000000004430334
0000200181	0000200166	0200098938	412.0	000000052542266	313.0	000000056381764	2	000000006174951
0000200182	0000200167	0200098938	42.0	000000000335069	179.0	000000007313722	2	000000013292946
0000200183	0000200168	0011885851	162.0	000000092432497	108.0	000000097012175	2	000000005651153
0000200184	0000200169	0200250004	8.0	000000016052807	57.0	000000021616969	2	000000018344953
0000200185	0000200170	0203333333	2.0	000000006469160	2.0	000000009000000	2	000000006961174
0000200186	0000200171	2416629902	2.0	000000025003450	12.0	000000025521505	2	000000002426159
0000200187	0000200172	2795493425	2.0	000000025000000	2.0	000000025036213	2	000000000036213
0000200188	0000200173	0200250004	1.0	000000000000006	20.0	000000008027900	2	000000026372847
0000200189	0000200174	0203333333	0.0	000000000000000	1.0	000000000013120	2	000000006974294
0000200190	0000200175	0011885851	77.0	000000025222412	76.0	000000065777002	2	000000046205743
0000200191	0000200176	0200250004	1.0	000000026611540	4.0	000000000406586	2	000000000167893
0000200192	0000200177	0203333333	2.0	000000007238374	0.0	000000000000000	1	000000000264080
0000200193	0000200178	0200098938	82.0	000000020738379	288.0	000000013614638	2	000000006169205
0000200194	0000200179	1100733744	0.0	000000000000000	9.0	000000002507073	2	000000002972024
0000200195	0000200180	3100471293	4.0	000000002501200	11.0	000000000958542	2	000000000234043
