1000      	@         	1770.0	0.0	0.0
1001      	@         	950.0	.53800000000000003	0.0
1002      	@         	410.0	.23100000000000001	0.0
1003      	@         	410.0	.23100000000000001	0.0
1004      	@         	2124.0	0.0	0.0
1005      	@         	1140.0	.53800000000000003	0.0
1006      	@         	492.0	.23100000000000001	0.0
1007      	@         	492.0	.23100000000000001	0.0
1008      	@         	815.0	0.0	0.0
1009      	@         	978.0	0.0	0.0
1010      	@         	815.0	0.0	0.0
1011      	@         	611.0	.69999999999999996	0.0
1012      	@         	305.0	.29999999999999999	0.0
1013      	@         	978.0	0.0	0.0
1014      	@         	733.20000000000005	.69999999999999996	0.0
1015      	@         	366.0	.29999999999999999	0.0
1016      	@         	980.0	0.0	0.0
1017      	@         	685.0	.69999999999999996	0.0
1018      	@         	490.0	.29999999999999999	0.0
1019      	@         	1176.0	0.0	0.0
1020      	@         	822.0	.69999999999999996	0.0
1021      	@         	588.0	.29999999999999999	0.0
1022      	@         	815.0	0.0	0.0
1023      	@         	978.0	0.0	0.0
1024      	@         	980.0	0.0	0.0
1025      	@         	685.0	.69999999999999996	0.0
1026      	@         	490.0	.29999999999999999	0.0
1027      	@         	1176.0	0.0	0.0
1028      	@         	822.0	.69999999999999996	0.0
1029      	@         	588.0	.29999999999999999	0.0
1030      	@         	1020.0	0.0	0.0
1031      	@         	610.0	.29999999999999999	0.0
1032      	@         	775.0	.69999999999999996	0.0
1033      	@         	2160.0	0.0	0.0
1034      	@         	1507.0	.69999999999999996	0.0
1035      	@         	652.0	.29999999999999999	0.0
1036      	@         	2592.0	0.0	0.0
1037      	@         	1808.4000000000001	.69999999999999996	0.0
1038      	@         	782.39999999999998	.29999999999999999	0.0
1039      	@         	400.0	0.0	0.0
1040      	@         	400.0	0.0	0.0
1041      	@         	167.0	.40000000000000002	0.0
1042      	@         	167.0	.40000000000000002	0.0
1043      	@         	167.0	.29999999999999999	0.0
1044      	@         	167.0	.29999999999999999	0.0
1045      	@         	335.0	.84999999999999998	0.0
1046      	@         	335.0	.84999999999999998	0.0
1047      	@         	167.0	.20999999999999999	0.0
1048      	@         	167.0	.20999999999999999	0.0
1049      	@         	1700.0	0.0	0.0
1050      	@         	815.0	0.0	0.0
1051      	@         	815.0	0.0	0.0
1052      	@         	165.0	0.0	0.0
1053      	@         	300.0	0.0	0.0
1054      	@         	205.0	0.0	0.0
1055      	@         	300.0	0.0	0.0
1056      	@         	205.0	0.0	0.0
1057      	@         	733.0	0.0	0.0
1058      	@         	483.77999999999997	0.0	0.0
1059      	@         	306.0	0.0	0.0
1060      	@         	201.96000000000001	0.0	0.0
1061      	@         	490.0	0.0	0.0
1062      	@         	323.39999999999998	0.0	0.0
1063      	@         	490.0	0.0	0.0
1064      	@         	323.39999999999998	0.0	0.0
1065      	@         	1099.5	0.0	0.0
1066      	@         	725.66999999999996	0.0	0.0
1067      	@         	459.0	0.0	0.0
1068      	@         	302.94	0.0	0.0
1069      	@         	735.0	0.0	0.0
1070      	@         	485.10000000000002	0.0	0.0
1071      	@         	735.0	0.0	0.0
1072      	@         	485.10000000000002	0.0	0.0
1073      	@         	483.77999999999997	0.0	0.0
1074      	@         	201.96000000000001	0.0	0.0
1075      	@         	323.39999999999998	0.0	0.0
1076      	@         	323.39999999999998	0.0	0.0
1077      	@         	725.66999999999996	0.0	0.0
1078      	@         	302.94	0.0	0.0
1079      	@         	485.10000000000002	0.0	0.0
1080      	@         	485.10000000000002	0.0	0.0
1081      	@         	733.0	0.0	0.0
1082      	@         	305.0	0.0	0.0
1083      	@         	490.0	0.0	0.0
1084      	@         	900.0	0.0	0.0
1085      	@         	630.0	.69999999999999996	0.0
1086      	@         	280.0	.29999999999999999	0.0
1087      	@         	200.0	0.0	0.0
1088      	@         	205.0	0.0	0.0
1089      	@         	305.0	0.0	0.0
1090      	@         	205.0	0.0	0.0
1091      	@         	410.0	0.0	0.0
1092      	@         	410.0	0.0	0.0
1093      	@         	800.0	0.0	0.0
1094      	@         	900.0	0.0	0.0
1095      	@         	490.0	0.0	0.0
1096      	@         	815.0	0.0	0.0
1097      	@         	570.0	.69999999999999996	0.0
1098      	@         	245.0	.29999999999999999	0.0
1099      	@         	245.0	0.0	0.0
1100      	@         	245.0	0.0	0.0
1101      	@         	490.0	0.0	0.0
1102      	@         	165.0	0.0	0.0
1103      	@         	165.0	0.0	0.0
1104      	@         	305.0	0.0	0.0
1105      	@         	122.0	0.0	0.0
1106      	@         	122.0	0.0	0.0
1107      	@         	407.0	0.0	0.0
1108      	@         	250.0	0.0	0.0
1109      	@         	100.0	0.0	0.0
1110      	@         	390.0	0.0	0.0
1111      	@         	245.0	0.0	0.0
1112      	@         	500.0	0.0	0.0
1113      	@         	350.0	.69999999999999996	0.0
1114      	@         	150.0	.29999999999999999	0.0
1115      	@         	400.0	0.0	0.0
1116      	@         	400.0	0.0	0.0
1117      	@         	400.0	0.0	0.0
1118      	@         	900.0	0.0	0.0
1119      	@         	600.0	0.0	0.0
1120      	@         	300.0	0.0	0.0
1121      	@         	0.0	0.0	0.0
1122      	@         	300.0	0.0	0.0
1123      	@         	0.0	0.0	0.0
1124      	@         	700.0	0.0	0.0
1125      	@         	490.0	.69999999999999996	0.0
1126      	@         	210.0	.29999999999999999	0.0
1127      	@         	745.0	0.0	0.0
1128      	@         	521.5	.69999999999999996	0.0
1129      	@         	223.5	.29999999999999999	0.0
1130      	@         	901.0	0.0	0.0
1131      	@         	630.70000000000005	.69999999999999996	0.0
1132      	@         	270.30000000000001	.29999999999999999	0.0
1133      	@         	410.0	0.0	0.0
1143      	@         	950.0	.30740000000000001	0.0
1144      	@         	1140.0	.30740000000000001	0.0
1145      	@         	611.0	.40000000000000002	0.0
1146      	@         	733.20000000000005	.40000000000000002	0.0
1147      	@         	685.0	.40000000000000002	0.0
1148      	@         	822.0	.40000000000000002	0.0
1149      	@         	685.0	.40000000000000002	0.0
1150      	@         	822.0	.40000000000000002	0.0
1151      	@         	610.0	.1714	0.0
1152      	@         	400.0	0.0	0.0
1153      	@         	400.0	0.0	0.0
1154      	@         	167.0	.29999999999999999	0.0
1155      	@         	167.0	.29999999999999999	0.0
