09002444  	ABAD MALUENDA	09005	09005	00009	1	9999	2	9998	0001
09002215  	ABETO, EL	09002	09002	00009	1	9999	2	9998	0001
09002207  	ACACIAS	09001	09001	00009	1	9999	2	9998	0001
09002216  	ACACIAS, LAS	09002	09002	00009	1	9999	2	9998	0001
09002579  	ACEDERA (BARRIO DE VILLATORO)	09006	09006	00009	1	9999	2	9998	0001
09002604  	AGRICULTORES (BARRIO DE VILLIMAR)	09007	09007	00009	1	9999	2	9998	0001
09002058  	ALBA DE TORMES	09001	09001	00009	1	9999	2	9998	0001
09002059  	ALBACETE	09001	09001	00009	1	9999	2	9998	0001
09002609  	ALCALDE FERNANDO DANCAUSA	09007	09007	00009	1	9999	2	9998	0001
09002610  	ALCALDE MARTIN COBOS	09007	09007	00009	1	9999	2	9998	0001
09002060  	ALFAR DE CADENILLAS	09001	09001	00009	1	9999	2	9998	0001
09002441  	ALFEREZ PROVISIONAL	09004	09004	00009	1	3	2	0	0001
09002445  	ALFEREZ PROVISIONAL	09005	09005	00009	5	9999	4	9998	0001
09002062  	ALFONSO VIII	09001	09001	00009	1	9999	2	9998	0001
09002446  	ALFONSO X EL SABIO	09005	09005	00009	1	9999	2	9998	0001
09002611  	ALFONSO XI	09007	09007	00009	1	9999	2	9998	0001
09002217  	ALFONSO XIII	09002	09002	00009	1	9999	2	9998	0001
09002483  	ALHUCEMAS	09006	09006	00009	1	9999	2	9998	0001
09002063  	ALICANTE	09001	09001	00009	1	9999	2	9998	0001
09002612  	ALMERIA	09007	09007	00009	1	9999	2	9998	0001
09002310  	ALMIRANTE ANTONIO VALDES Y VAZAN	09003	09003	00009	1	9999	2	9998	0001
09002311  	ALMIRANTE BONIFAZ	09003	09003	00009	1	9999	2	9998	0001
09002447  	ALONSO DE CARTAGENA	09005	09005	00009	1	9999	2	9998	0001
09002400  	ALONSO MARTINEZ	09003	09003	00009	1	9999	2	9998	0001
09002404  	ALVAR GARCIA	09004	09004	00009	1	9999	2	9998	0001
09002448  	AMAYA	09005	09005	00009	1	9999	2	9998	0001
09002308  	AMERICO CASTRO	09002	09002	00009	1	9999	2	9998	0001
09002613  	ANDALUCES	09007	09007	00009	1	9999	2	9998	0001
09002218  	ANDRES MANJON	09002	09002	00009	1	9999	2	9998	0001
09002220  	ANGEL GARCIA BEDOYA	09002	09002	00009	1	9999	2	9998	0001
09002221  	ANSELMO SALVA	09002	09002	00009	1	9999	2	9998	0001
09002580  	ANTANA, LA (BARRIO DE VILLATORO)	09006	09006	00009	1	9999	2	9998	0001
09002614  	ANTIGUA	09007	09007	00009	1	9999	2	9998	0001
09002405  	ANTONIO DE CABEZON	09004	09004	00009	1	9999	2	9998	0001
09002577  	ANTONIO JOSE	09006	09006	00009	1	9999	2	9998	0001
09002313  	APARICIO Y RUIZ	09003	09003	00009	1	9999	2	9998	0001
09002179  	ARAGON	09001	09001	00009	1	9999	2	9998	0001
09002222  	ARANDA DE DUERO	09002	09002	00009	1	9999	2	9998	0001
09004153  	ARCE	09006	09006	00009	1	9999	2	9998	0001
09002064  	ARCO DE LA VILLA	09001	09001	00009	1	9999	2	9998	0001
09002314  	ARCO DE SAN ESTEBAN	09003	09003	00009	1	9999	2	9998	0001
09002065  	ARCO DEL AMPARO	09001	09001	00009	1	9999	2	9998	0001
09002315  	ARCO DEL PILAR	09003	09003	00009	1	9999	2	9998	0001
09002066  	ARCOS, DE	09001	09001	00009	1	9999	2	9998	0001
09002223  	ARENALES	09002	09002	00009	1	9999	2	9998	0001
09002224  	ARLANZA	09002	09002	00009	1	9999	2	9998	0001
09002225  	ARLANZON	09002	09002	00009	1	9999	2	9998	0001
09002068  	ARQUITECTO RICARDO VELAZQUEZ BOSCO	09001	09001	00009	1	9999	2	9998	0001
09002316  	ARRABAL DE SAN ESTEBAN	09003	09003	00009	1	9999	2	9998	0001
09002401  	ARRABAL, AL	09003	09003	00009	1	9999	2	9998	0001
09002226  	ARROYO DE SAN GINES	09002	09002	00009	1	9999	2	9998	0001
09002615  	ARZOBISPO DE CASTRO	09007	09007	00009	1	9999	2	9998	0001
09002616  	ARZOBISPO PEREZ PLATERO	09007	09007	00009	1	9999	2	9998	0001
09002317  	ASUNCION DE NUESTRA SEÑORA	09003	09003	00009	1	9999	2	9998	0001
09004134  	AVELINO ANTOLÍN TOLEDANO	09007	09007	00009	1	9999	2	9998	0001
09002318  	AVELLANOS	09003	09003	00009	1	9999	2	9998	0001
09002069  	AVILA	09001	09001	00009	1	9999	2	9998	0001
09002484  	BAILEN	09006	09006	00009	1	9999	2	9998	0001
09004154  	BALTASAR GRACIAN Y MORALES	09002	09002	00009	1	9999	2	9998	0001
09002617  	BARCELONA	09007	09007	00009	1	9999	2	9998	0001
09002319  	BARRANTES	09003	09003	00009	1	9999	2	9998	0001
09002581  	BARREZUELO (BARRIO DE VILLATORO)	09006	09006	00009	1	9999	2	9998	0001
09002181  	BARRIADA BAKIMET	09001	09001	00009	1	9999	2	9998	0001
09002618  	BARRIADA DE LA INMACULADA	09007	09007	00009	1	9999	2	9998	0001
09002070  	BARRIADA DE LOS FERROVIARIOS	09001	09001	00009	1	9999	2	9998	0001
09002071  	BARRIADA FABRICA MONEDA	09001	09001	00009	1	9999	2	9998	0001
09002619  	BARRIADA JUAN XXIII	09007	09007	00009	1	9999	2	9998	0001
09002072  	BARRIADA JUAN YAGUE	09001	09001	00009	1	9999	2	9998	0001
09002073  	BARRIADA LA SOCIAL	09001	09001	00009	1	9999	2	9998	0001
09002227  	BARRIADA MAXIMO NEBREDA	09002	09002	00009	1	9999	2	9998	0001
09002486  	BARRIADA MILITAR ANTIGUA	09006	09006	00009	1	9999	2	9998	0001
09002487  	BARRIADA MILITAR MODERNA	09006	09006	00009	1	9999	2	9998	0001
09002620  	BARRIADA SAN CRISTOBAL	09007	09007	00009	1	9999	2	9998	0001
09002621  	BARRIADA ZURBARAN	09007	09007	00009	1	9999	2	9998	0001
09002074  	BARRIO DE VILLAGONZALO ARENAS	09001	09001	00009	1	9999	2	9998	0001
09002075  	BARRIO DE VILLALONQUEJAR	09001	09001	00009	1	9999	2	9998	0001
09002076  	BARRIO EL PILAR	09001	09001	00009	1	9999	2	9998	0001
09002188  	BARRIO VILLAGONZALO ARENAS	09001	09001	00009	1	9999	2	9998	0001
09002189  	BARRIO VILLALONQUEJAR	09001	09001	00009	1	9999	2	9998	0001
09002622  	BARRIO VILLAYUDA	09007	09007	00009	1	9999	2	9998	0001
09002623  	BARRIO VILLIMAR	09007	09007	00009	1	9999	2	9998	0001
09002488  	BARTOLOME ORDOÑEZ	09006	09006	00009	1	9999	2	9998	0001
09002489  	BATALLA DE VILLALAR	09006	09006	00009	1	9999	2	9998	0001
09002406  	BELORADO	09004	09004	00009	1	9999	2	9998	0001
09002320  	BENEDICTINAS DE SAN JOSE	09003	09003	00009	1	9999	2	9998	0001
09002321  	BENITO GUTIERREZ	09003	09003	00009	1	9999	2	9998	0001
09002180  	BENITO PEREZ GALDOS	09001	09001	00009	1	9999	2	9998	0001
09002407  	BERNABE PEREZ ORTIZ	09004	09004	00009	1	9999	2	9998	0001
09002078  	BERNARDINO OBREGON	09001	09001	00009	1	9999	2	9998	0001
09002403  	BILBAO	09004	09004	00009	1	9999	2	9998	0001
09002079  	BOLIVIA	09001	09001	00009	1	9999	2	9998	0001
09002080  	BRASIL	09001	09001	00009	1	9999	2	9998	0001
09002408  	BRIVIESCA	09004	09004	00009	1	9999	2	9998	0001
09002716  	BUENAVISTA	09007	09007	00009	1	9999	2	9998	0001
09002624  	BUREBA, LA	09007	09007	00009	1	9999	2	9998	0001
09002228  	BURGENSE	09002	09002	00009	1	9999	2	9998	0001
09002583  	BURGOS, DE (BARRIO DE VILLATORO)	09006	09006	00009	1	9999	2	9998	0001
09002309  	CABALLERIA	09002	09002	00009	1	9999	2	9998	0001
09002322  	CABESTREROS	09003	09003	00009	1	9999	2	9998	0001
09002323  	CADENA Y ELETA	09003	09003	00009	1	9999	2	9998	0001
09002718  	CADIZ	09007	09007	00009	1	9999	2	9998	0001
09002081  	CAJA DE AHORROS MUNICIPAL	09001	09001	00009	1	9999	2	9998	0001
09002082  	CALDERON DE LA BARCA	09001	09001	00009	1	9999	2	9998	0001
09002230  	CALERA	09002	09002	00009	1	9999	2	9998	0001
09002083  	CALLEJA Y ZURITA	09001	09001	00009	1	9999	2	9998	0001
09002231  	CALVARIO	09002	09002	00009	1	9999	2	9998	0001
09002439  	CALVO SOTELO	09004	09004	00009	1	9999	2	9998	0001
09002409  	CALZADAS, LAS	09004	09004	00009	1	9999	2	9998	0001
09002578  	CAMPO DE FUTBOL DEL PLANTIO	09006	09006	00009	0	0	0	0	0001
09002449  	CAMPOSAS, LAS	09005	09005	00009	1	9999	2	9998	0001
09002625  	CANALEJAS (BARRIO DE VILLIMAR)	09007	09007	00009	1	9999	2	9998	0001
09002490  	CANALES	09006	09006	00009	1	9999	2	9998	0001
09002626  	CANDELAS, DE LAS	09007	09007	00009	1	9999	2	9998	0001
09002737  	CAÑAMAR (BARRIO DE VILLIMAR)	09007	09007	00009	1	9999	2	9998	0001
09002232  	CARCEDO	09002	09002	00009	1	9999	2	9998	0001
09002410  	CARDENAL BENLLOCH	09004	09004	00009	1	9999	2	9998	0001
09002324  	CARDENAL SEGURA	09003	09003	00009	1	9999	2	9998	0001
09002480  	CARDERAS	09006	09006	00009	1	9999	2	9998	0001
09002085  	CARMEN	09001	09001	00009	1	9999	2	9998	0001
09004188  	CARMEN AMAYA (BARRIO DE VILLIMAR)	09007	09007	00009	1	9999	2	9998	0001
09004157  	CARMEN CONDE	09007	09007	00009	1	9999	2	9998	0001
09002561  	CARMEN SALLES	09006	09006	00009	1	9999	2	9998	0001
09002325  	CARNICERIAS	09003	09003	00009	1	9999	2	9998	0001
09002582  	CARRAMOLINOS	09006	09006	00009	1	9999	2	9998	0001
09002233  	CARTUJA	09002	09002	00009	1	9999	2	9998	0001
09002627  	CASA DE LA VEGA	09007	09007	00009	1	9999	2	9998	0001
09002628  	CASCAJERA	09007	09007	00009	1	9999	2	9998	0001
09002234  	CASILLAS	09002	09002	00009	1	9999	2	9998	0001
09002584  	CASTAÑOS (BARRIO DE VILLATORO)	09006	09006	00009	1	9999	2	9998	0001
09002402  	CASTILLA	09003	09003	00009	1	9999	2	9998	0001
09002567  	CASTILLA Y LEON	09006	09006	00009	1	9999	2	9998	0001
09002086  	CASTROJERIZ	09001	09001	00009	1	9999	2	9998	0001
09002568  	CEMENTERIO	09006	09006	00009	1	9999	2	9998	0001
09002629  	CENTRO	09007	09007	00009	1	9999	2	9998	0001
09002184  	CERVANTES	09001	09001	00009	1	9	2	8	0001
09002302  	CERVANTES	09002	09002	00009	11	9999	10	9998	0001
09002182  	CHILE	09001	09001	00009	1	9999	2	9998	0001
09002570  	CHOPERA	09006	09006	00009	1	9999	2	9998	0001
09002326  	CID CAMPEADOR	09003	09003	00009	1	19	0	0	0001
09002491  	CID CAMPEADOR	09006	09006	00009	87	9999	98	9998	0001
09002492  	CLAUDIO MONTEVERDI	09006	09006	00009	1	9999	2	9998	0001
09002451  	CLUNIA	09005	09005	00009	1	9999	2	9998	0001
09002087  	COLOMBIA	09001	09001	00009	1	9999	2	9998	0001
09002235  	COLONIA, LOS	09002	09002	00009	1	9999	2	9998	0001
09002088  	COMENDADORES	09001	09001	00009	1	9999	2	9998	0001
09002089  	COMPASES DE HUELGAS	09001	09001	00009	1	9999	2	9998	0001
09002630  	COMPOSTELA	09007	09007	00009	1	9999	2	9998	0001
09002493  	COMUNEROS DE CASTILLA	09006	09006	00009	1	9999	2	9998	0001
09002236  	CONCEPCION	09002	09002	00009	1	9999	2	9998	0001
09004158  	CONCEPCIÓN ARENAL	09002	09002	00009	1	9999	2	9998	0001
09002197  	CONCHA ESPINA	09001	09001	00009	1	9999	2	9998	0001
09002090  	CONDADO DE TREVIÑO	09001	09001	00009	1	9999	2	9998	0001
09002237  	CONDE DE CASTRO	09002	09002	00009	1	9999	2	9998	0001
09004159  	CONDE DE HARO	09006	09006	00009	1	9999	2	9998	0001
09002411  	CONDE JORDANA	09004	09004	00009	1	9999	2	9998	0001
09002453  	CONDE LOZANO	09005	09005	00009	1	9999	2	9998	0001
09002238  	CONDE VALLELLANO	09002	09002	00009	1	9999	2	9998	0001
09002494  	CONDESA MENCIA	09006	09006	00009	1	9999	2	9998	0001
09002412  	CONDESTABLE	09004	09004	00009	1	9999	2	9998	0001
09002631  	CONSTITUCION ESPAÑOLA	09007	09007	00009	1	9999	2	9998	0001
09002327  	CONSULADO	09003	09003	00009	1	9999	2	9998	0001
09002328  	CORAZAS	09003	09003	00009	1	9999	2	9998	0001
09002632  	CORDOBA	09007	09007	00009	1	9999	2	9998	0001
09002413  	CORDON	09004	09004	00009	1	9999	2	9998	0001
09002329  	CORRAL DE LOS INFANTES	09003	09003	00009	1	9999	2	9998	0001
09004190  	CORRALES, LOS (BARRIO DE VILLALONQUEJAR)	09001	09001	00009	1	9999	2	9998	0001
09002330  	CORRALON DE LAS TAHONAS	09003	09003	00009	1	9999	2	9998	0001
09002239  	CORTES	09002	09002	00009	1	9999	2	9998	0001
09002092  	COSTA RICA	09001	09001	00009	1	9999	2	9998	0001
09002482  	COVADONGA	09006	09006	00009	1	9999	2	9998	0001
09002240  	COVARRUBIAS	09002	09002	00009	1	9999	2	9998	0001
09002241  	CRISTOBAL ANDINO	09002	09002	00009	1	9999	2	9998	0001
09002454  	CRISTOBAL COLON	09005	09005	00009	1	9999	2	9998	0001
09002495  	CRISTOBAL DE MORALES	09006	09006	00009	1	9999	2	9998	0001
09002242  	CRUCERO SAN JULIAN	09002	09002	00009	1	9999	2	9998	0001
09002496  	CRUZ ROJA	09006	09006	00009	1	9999	2	9998	0001
09002093  	CUBA	09001	09001	00009	1	9999	2	9998	0001
09002331  	CUBOS, DE LOS	09003	09003	00009	1	9999	2	9998	0001
09002633  	CURA, DEL (BARRIO DE VILLIMAR)	09007	09007	00009	1	9999	2	9998	0001
09002729  	DAMASO ALONSO	09007	09007	00009	1	9999	2	9998	0001
09002243  	DEFENSORES DE OVIEDO	09002	09002	00009	1	9999	2	9998	0001
09002455  	DELICIAS	09005	09005	00009	1	9999	2	9998	0001
09002634  	DEMANDA, LA	09007	09007	00009	1	9999	2	9998	0001
09002497  	DEPORTES, DE LOS	09006	09006	00009	1	9999	2	9998	0001
09002605  	DESCALZOS (BARRIO DE VILLIMAR)	09007	09007	00009	1	9999	2	9998	0001
09002332  	DIECIOCHO DE JULIO	09003	09003	00009	1	9999	2	9998	0001
09002244  	DIEGO DE SILOE	09002	09002	00009	1	9999	2	9998	0001
09002094  	DIEGO POLO	09001	09001	00009	1	9999	2	9998	0001
09002333  	DIEGO PORCELOS	09003	09003	00009	1	9999	2	9998	0001
09002245  	DIEGO RODRIGUEZ	09002	09002	00009	1	9999	2	9998	0001
09002246  	DIVINO VALLES	09002	09002	00009	1	9999	2	9998	0001
09002247  	DOCTOR ALVIÑANA	09002	09002	00009	1	9999	2	9998	0001
09002095  	DOCTOR LOPEZ SAIZ, DEL	09001	09001	00009	1	9999	2	9998	0001
09002096  	DOCTOR ZUMEL	09001	09001	00009	1	9999	2	9998	0001
09002097  	DON JUAN DE AUSTRIA	09001	09001	00009	1	9999	2	9998	0001
09002248  	DONANTES DE SANGRE	09002	09002	00009	1	9999	2	9998	0001
09002457  	DOÑA BERENGUELA	09005	09005	00009	1	9999	2	9998	0001
09002635  	DOÑA CONSTANZA	09007	09007	00009	1	9999	2	9998	0001
09002249  	DOÑA ELVIRA	09002	09002	00009	1	9999	2	9998	0001
09002334  	DOÑA GIMENA	09003	09003	00009	1	9999	2	9998	0001
09002498  	DOS DE MAYO	09006	09006	00009	1	9999	2	9998	0001
09002251  	DUERO	09002	09002	00009	1	9999	2	9998	0001
09002499  	DUQUE DE FRIAS	09006	09006	00009	1	9999	2	9998	0001
09002252  	EBRO	09002	09002	00009	1	9999	2	9998	0001
09002098  	ECUADOR	09001	09001	00009	1	9999	2	9998	0001
09002335  	EDUARDO MARTINEZ DEL CAMPO	09003	09003	00009	1	9999	2	9998	0001
09002636  	ELADIO PERLADO	09007	09007	00009	1	9999	2	9998	0001
09002500  	ELOY GARCIA QUEVEDO	09006	09006	00009	1	9999	2	9998	0001
09002336  	EMBAJADORES	09003	09003	00009	1	9999	2	9998	0001
09004183  	EMILIA PARDO BAZAN	09002	09002	00009	1	9999	2	9998	0001
09002730  	EMILIO PRADOS	09007	09007	00009	1	9999	2	9998	0001
09002099  	EMPECINADO, DEL	09001	09001	00009	1	9999	2	9998	0001
09002253  	ENCINA, LA	09002	09002	00009	1	9999	2	9998	0001
09002211  	ENCINA, LA (POLÍGONO INDUSTRIAL LOS BREZOS)	09001	09001	00009	1	9999	2	9998	0001
09002585  	ENDRINAL (BARRIO DE VILLATORO)	09006	09006	00009	1	9999	2	9998	0001
09002637  	ENEBRO	09007	09007	00009	1	9999	2	9998	0001
09002562  	ENRIQUE GRANADOS	09006	09006	00009	1	9999	2	9998	0001
09002338  	ENRIQUE III	09003	09003	00009	1	9999	2	9998	0001
09002638  	ERAS (BARRIO DE VILLIMAR)	09007	09007	00009	1	9999	2	9998	0001
09002339  	ERAS DE SAN FRANCISCO	09003	09003	00009	1	9999	2	9998	0001
09002586  	ERAS, LAS (BARRIO DE VILLATORO)	09006	09006	00009	1	9999	2	9998	0001
09002587  	ERMITA, LA (BARRIO DE VILLATORO)	09006	09006	00009	1	9999	2	9998	0001
09002501  	ERNEST MARINEE	09006	09006	00009	1	9999	2	9998	0001
09002100  	ESCUDO	09001	09001	00009	1	9999	2	9998	0001
09002640  	ESCUELAS	09007	09007	00009	1	9999	2	9998	0001
09002477  	ESPAÑA, DE	09005	09005	00009	1	9999	2	9998	0001
09004161  	ESPERANZA, LA (BARRIO DE VILLIMAR)	09007	09007	00009	1	9999	2	9998	0001
09002101  	ESPINOSA DE LOS MONTEROS	09001	09001	00009	1	9999	2	9998	0001
09004162  	ESPLIEGA, EL (BARRIO DE VILLIMAR)	09007	09007	00009	1	9999	2	9998	0001
09002340  	ESPOLON, DEL	09003	09003	00009	1	9999	2	9998	0001
09002641  	ESQUINA (BARRIO DE VILLIMAR)	09007	09007	00009	1	9999	2	9998	0001
09002185  	ESTACION, DE LA	09001	09001	00009	1	9999	2	9998	0001
09002642  	ESTEBAN SAEZ ALVARADO	09007	09007	00009	1	9999	2	9998	0001
09002643  	ESTRECHA (BARRIO DE VILLIMAR)	09007	09007	00009	1	9999	2	9998	0001
09002102  	EUROPA, DE	09001	09001	00009	1	9999	2	9998	0001
09002502  	FARMACEUTICO OBDULIO FERNANDEZ	09006	09006	00009	1	9999	2	9998	0001
09002478  	FEDERICO MARTINEZ VAREA	09005	09005	00009	1	7	2	0	0001
09002503  	FEDERICO MARTINEZ VAREA	09006	09006	00009	21	9999	22	9998	0001
09002341  	FELIPE DE ABAJO	09003	09003	00009	1	9999	2	9998	0001
09002398  	FELIPE DE ABAJO	09003	09003	00009	1	9999	2	9998	0001
09002342  	FERNAN GONZALEZ	09003	09003	00009	1	9999	2	9998	0001
09002343  	FERNANDO ALVAREZ	09003	09003	00009	1	9999	2	9998	0001
09002645  	FERNANDO DE ROJAS	09007	09007	00009	1	9999	2	9998	0001
09002344  	FERNANDO III EL SANTO	09003	09003	00009	1	9999	2	9998	0001
09002345  	FLORA, DE LA	09003	09003	00009	1	9999	2	9998	0001
09002646  	FORAMONTANOS, LOS	09007	09007	00009	1	9999	2	9998	0001
09002504  	FRANCISCO DE VITORIA	09006	09006	00009	1	9999	2	9998	0001
09002647  	FRANCISCO GRANDMONTAGNE	09007	09007	00009	1	9999	2	9998	0001
09002346  	FRANCISCO SALINAS	09003	09003	00009	1	9999	2	9998	0001
09002458  	FRANCISCO SARMIENTO	09005	09005	00009	1	9999	2	9998	0001
09002571  	FRAY JUSTO PEREZ DE URBEL	09006	09006	00009	1	9999	2	9998	0001
09002588  	FRESDEVAL	09006	09006	00009	1	9999	2	9998	0001
09004163  	FRESNO, EL (BARRIO DE VILLATORO)	09006	09006	00009	1	9999	2	9998	0001
09002104  	FRIAS	09001	09001	00009	1	9999	2	9998	0001
09002648  	FRONTON	09007	09007	00009	1	9999	2	9998	0001
09002589  	FUENTE, LA	09006	09006	00009	1	9999	2	9998	0001
09004164  	FUENTE, LA (BARRIO DE VILLATORO)	09006	09006	00009	1	9999	2	9998	0001
09004165  	FUENTE, LA (BARRIO DE VILLIMAR)	09007	09007	00009	1	9999	2	9998	0001
09002347  	FUENTECILLAS	09003	09003	00009	1	21	2	22	0001
09002105  	FUENTECILLAS	09001	09001	00009	23	9999	24	9998	0001
09002106  	FUENTELUGAREJOS	09001	09001	00009	1	9999	2	9998	0001
09002649  	FUERO DEL TRABAJO	09007	09007	00009	1	9999	2	9998	0001
09002650  	FUNDACION SONSOLES BALLVE	09007	09007	00009	1	9999	2	9998	0001
09002728  	GAMONES, LOS	09007	09007	00009	1	9999	2	9998	0001
09002254  	GARCILASO DE LA VEGA	09002	09002	00009	1	9999	2	9998	0001
09002505  	GENERAL DAVILA	09006	09006	00009	1	9999	2	9998	0001
09002255  	GENERAL MOLA	09002	09002	00009	1	9999	2	9998	0001
09002414  	GENERAL SANJURJO	09004	09004	00009	1	59	2	58	0001
09004197  	GENERAL SANJURJO	09007	09007	00009	61	9999	60	9998	0001
09002349  	GENERAL SANTOCILDES	09003	09003	00009	1	9999	2	9998	0001
09002350  	GENERAL SANZ PASTOR	09003	09003	00009	1	9999	2	9998	0001
09002506  	GENERAL VIGON	09006	09006	00009	1	9999	2	9998	0001
09002415  	GENERAL YAGUE	09004	09004	00009	1	9999	2	9998	0001
09002351  	GENERALISIMO	09003	09003	00009	1	9999	2	9998	0001
09002727  	GONZALO DE BERCEO	09007	09007	00009	1	9999	2	9998	0001
09002651  	GRANADA	09007	09007	00009	1	9999	2	9998	0001
09002416  	GUARDIA CIVIL	09004	09004	00009	1	9999	2	9998	0001
09004166  	GUATEMALA	09001	09001	00009	1	9999	2	9998	0001
09002507  	GUIOMAR FERNANDEZ	09006	09006	00009	1	9999	2	9998	0001
09002206  	HAYA	09001	09001	00009	1	9999	2	9998	0001
09004167  	HAYA, EL (BARRIO DE VILLATORO)	09006	09006	00009	1	9999	2	9998	0001
09004168  	HAYA, EL (POLÍGONO INDUSTRIAL LOS BREZOS)	09001	09001	00009	1	9999	2	9998	0001
09002107  	HERMANO RAFAEL	09001	09001	00009	1	9999	2	9998	0001
09002108  	HERMANOS MACHADO	09001	09001	00009	1	9999	2	9998	0001
09002417  	HEROES DE ALCAZAR	09004	09004	00009	1	9999	2	9998	0001
09002256  	HEROES DE LA DIVISION AZUL	09002	09002	00009	1	9999	2	9998	0001
09002352  	HONDO	09003	09003	00009	1	9999	2	9998	0001
09002109  	HONDURAS	09001	09001	00009	1	9999	2	9998	0001
09002353  	HOSPITAL DE LOS CIEGOS	09003	09003	00009	1	9999	2	9998	0001
09002110  	HOSPITAL DEL REY	09001	09001	00009	1	9999	2	9998	0001
09002257  	HOSPITAL MILITAR	09002	09002	00009	1	9999	2	9998	0001
09002111  	HUELGAS	09001	09001	00009	1	9999	2	9998	0001
09002652  	HUELVA	09007	09007	00009	1	9999	2	9998	0001
09002354  	HUERTO DEL REY	09003	09003	00009	1	9999	2	9998	0001
09002112  	HUESCA	09001	09001	00009	1	9999	2	9998	0001
09002508  	IGLESIA	09006	09006	00009	1	9999	2	9998	0001
09004191  	IGLESIA (BARRIO DE VILLAYUDA)	09007	09007	00009	1	9999	2	9998	0001
09004169  	IGLESIA (BARRIO VILLALONQUEJAR)	09001	09001	00009	1	9999	2	9998	0001
09002653  	IGLESIA, LA	09007	09007	00009	1	9999	2	9998	0001
09002509  	INFANTERIA	09006	09006	00009	1	9999	2	9998	0001
09002654  	ISAAC ALBENIZ	09007	09007	00009	1	9999	2	9998	0001
09002355  	ISLA, DE LA	09003	09003	00009	1	9999	2	9998	0001
09002511  	ISLAS CANARIAS	09006	09006	00009	1	9999	2	9998	0001
09002722  	ISMAEL GARCIA RAMILA	09007	09007	00009	1	9999	2	9998	0001
09002191  	JACINTO BENAVENTE	09001	09001	00009	1	9999	2	9998	0001
09002655  	JAEN	09007	09007	00009	1	9999	2	9998	0001
09002512  	JEREZ	09006	09006	00009	1	9999	2	9998	0001
09002356  	JERONIMO MERINO	09003	09003	00009	1	9999	2	9998	0001
09002419  	JESUS MARIA ORDOÑO	09004	09004	00009	1	9999	2	9998	0001
09002563  	JOAQUIN TURINA	09006	09006	00009	1	9999	2	9998	0001
09002740  	JORGE GUILLEN	09007	09007	00009	1	9999	2	9998	0001
09004196  	JORGE LUÍS BORGES	09006	09006	00009	1	9999	2	9998	0001
09002357  	JOSE ANTONIO	09003	09003	00009	1	9999	2	9998	0001
09002719  	JOSE DE ESPRONCEDA	09007	09007	00009	1	9999	2	9998	0001
09002192  	JOSE ECHEGARAY	09001	09001	00009	1	9999	2	9998	0001
09002606  	JOSE LUIS TALAMILLO	09007	09007	00009	1	9999	2	9998	0001
09002113  	JOSE MARIA VILLACIAN REBOLLO	09001	09001	00009	1	9999	2	9998	0001
09002459  	JOSE ZORRILLA	09005	09005	00009	1	9999	2	9998	0001
09002460  	JUAN ALBARELLOS	09005	09005	00009	1	9999	2	9998	0001
09002514  	JUAN BRAVO	09006	09006	00009	1	9999	2	9998	0001
09002199  	JUAN DE AUSTRIA	09001	09001	00009	1	9999	2	9998	0001
09002656  	JUAN DE AYOLAS	09007	09007	00009	1	9999	2	9998	0001
09002258  	JUAN DE GARAY	09002	09002	00009	1	9999	2	9998	0001
09002515  	JUAN DE LA ENCINA	09006	09006	00009	1	9999	2	9998	0001
09002516  	JUAN DE PADILLA	09006	09006	00009	1	9999	2	9998	0001
09002657  	JUAN RAMON JIMENEZ	09007	09007	00009	1	9999	2	9998	0001
09002259  	JUAN VALLEJO	09002	09002	00009	1	9999	2	9998	0001
09002517  	JUAN VAZQUEZ	09006	09006	00009	1	9999	2	9998	0001
09004170  	JUEGO DE BOLOS (BARRIO VILLIMAR)	09007	09007	00009	1	9999	2	9998	0001
09002461  	JULIO SAEZ DE LA HOYA	09005	09005	00009	1	9999	2	9998	0001
09002658  	JURISTA CIRILO ALVAREZ MARTINEZ	09007	09007	00009	1	9999	2	9998	0001
09002659  	LABRADORES	09007	09007	00009	1	9999	2	9998	0001
09002358  	LAIN CALVO	09003	09003	00009	1	9999	2	9998	0001
09002518  	LAMPILLA	09006	09006	00009	1	9999	2	9998	0001
09002590  	LAUREL (BARRIO DE VILLATORO)	09006	09006	00009	1	9999	2	9998	0001
09002660  	LAVADEROS	09007	09007	00009	1	9999	2	9998	0001
09002661  	LAVADEROS	09007	09007	00009	1	9999	2	9998	0001
09002359  	LAVADORES	09003	09003	00009	1	9999	2	9998	0001
09002114  	LEALTAD	09001	09001	00009	1	9999	2	9998	0001
09002115  	LEGION ESPAÑOLA, LA	09001	09001	00009	1	9999	2	9998	0001
09002360  	LEON	09003	09003	00009	1	9999	2	9998	0001
09002519  	LEON XIII	09006	09006	00009	1	9999	2	9998	0001
09002116  	LERMA	09001	09001	00009	1	9999	2	9998	0001
09002186  	LIEBRE, LA	09001	09001	00009	1	9999	2	9998	0001
09002361  	LLANA DE ADENTRO	09003	09003	00009	1	9999	2	9998	0001
09002362  	LLANA DE AFUERA	09003	09003	00009	1	9999	2	9998	0001
09002662  	LOGROÑO	09007	09007	00009	1	9999	2	9998	0001
09002723  	LOGROÑO	09007	09007	00009	1	9999	2	9998	0001
09002117  	LOPEZ BRAVO	09001	09001	00009	1	9999	2	9998	0001
09002118  	LOPEZ GEMENO	09001	09001	00009	1	9999	2	9998	0001
09002663  	LOPEZ RODO	09007	09007	00009	1	9999	2	9998	0001
09002664  	LORA, LA	09007	09007	00009	1	9999	2	9998	0001
09002521  	LOUDUM	09006	09006	00009	1	9999	2	9998	0001
09002665  	LUIS ALBERDI	09007	09007	00009	1	9999	2	9998	0001
09002724  	LUIS BRAILLE	09007	09007	00009	1	9999	2	9998	0001
09002572  	LUIS CERNUDA	09006	09006	00009	1	9999	2	9998	0001
09002720  	LUIS DE GONGORA	09007	09007	00009	1	9999	2	9998	0001
09002119  	LUIS RODRIGUEZ ARANGO	09001	09001	00009	1	9999	2	9998	0001
09004171  	MADRE DE DIOS DE LA PALMA	09004	09004	00009	1	9999	2	9998	0001
09002666  	MADRE ISABEL DE LARRAÑAGA	09007	09007	00009	1	9999	2	9998	0001
09002261  	MADRID	09002	09002	00009	1	21	2	20	0001
09002120  	MADRID	09001	09001	00009	23	9999	22	9998	0001
09002203  	MADRID-IRUN, DEL KM. 232 AL 237	09001	09001	00009	1	9999	2	9998	0001
09002739  	MADRID-IRUN, DEL KM. 242 AL 245	09007	09007	00009	1	9999	2	9998	0001
09002262  	MAESE CALVO	09002	09002	00009	1	9999	2	9998	0001
09002263  	MAESTRO DE BURGOS	09002	09002	00009	1	9999	2	9998	0001
09002564  	MAESTRO JUSTO DEL RIO	09006	09006	00009	1	9999	2	9998	0001
09002183  	MAESTRO QUESADA	09001	09001	00009	1	9999	2	9998	0001
09002264  	MAESTRO RICARDO	09002	09002	00009	1	9999	2	9998	0001
09002731  	MANUEL ALTOLAGUIRRE	09007	09007	00009	1	9999	2	9998	0001
09002668  	MANUEL DE FALLA	09007	09007	00009	1	9999	2	9998	0001
09002420  	MANUEL DE LA CUESTA	09004	09004	00009	1	9999	2	9998	0001
09002200  	MARCELINO MENENDEZ PELAYO	09001	09001	00009	1	9999	2	9998	0001
09004172  	MARÍA CRUZ EBRO	09006	09006	00009	1	9999	2	9998	0001
09002522  	MARIA PACHECO	09006	09006	00009	1	9999	2	9998	0001
09002523  	MARQUES DE BERLANGA	09006	09006	00009	1	9999	2	9998	0001
09002462  	MARTIN ANTOLINEZ	09005	09005	00009	1	9999	2	9998	0001
09002265  	MATEO CEREZO	09002	09002	00009	1	9999	2	9998	0001
09002481  	MAYOR (BARRIADA ILLERA)	09006	09006	00009	1	9999	2	9998	0001
09004173  	MAYOR (BARRIO DE VILLATORO)	09006	09006	00009	1	9999	2	9998	0001
09002121  	MECERREYES	09001	09001	00009	1	9999	2	9998	0001
09002122  	MEDIA LUNA	09001	09001	00009	1	9999	2	9998	0001
09002123  	MEDINA DE POMAR	09001	09001	00009	1	9999	2	9998	0001
09002124  	MEJICO	09001	09001	00009	1	9999	2	9998	0001
09002125  	MELGAR DE FERNAMENTAL	09001	09001	00009	1	9999	2	9998	0001
09002266  	MENENDEZ PIDAL	09002	09002	00009	1	9999	2	9998	0001
09002670  	MERCADO, DEL	09007	09007	00009	1	9999	2	9998	0001
09002363  	MERCADO, DEL	09003	09003	00009	1	9999	2	9998	0001
09002267  	MERCED	09002	09002	00009	1	9999	2	9998	0001
09002671  	MERIDA	09007	09007	00009	1	9999	2	9998	0001
09002126  	MERINDAD DE CASTILLA LA VIEJA	09001	09001	00009	1	9999	2	9998	0001
09002127  	MERINDAD DE MONTIJA	09001	09001	00009	1	9999	2	9998	0001
09002128  	MERINDAD DE UBIERNA	09001	09001	00009	1	9999	2	9998	0001
09002193  	MERINDAD DE VALDIVIELSO	09001	09001	00009	1	9999	2	9998	0001
09002672  	MESETA	09007	09007	00009	1	9999	2	9998	0001
09002194  	MIGUEL DE UNAMUNO	09001	09001	00009	1	9999	2	9998	0001
09002721  	MIGUEL HERNANDEZ	09007	09007	00009	1	9999	2	9998	0001
09002421  	MIGUEL PRIMO DE RIVERA	09004	09004	00009	1	9999	2	9998	0001
09002303  	MIRABUENO	09002	09002	00009	1	9999	2	9998	0001
09002268  	MIRANDA	09002	09002	00009	1	9999	2	9998	0001
09002673  	MIRASIERRA	09007	09007	00009	1	9999	2	9998	0001
09002129  	MISAEL BAÑUELOS GARCIA	09001	09001	00009	1	9999	2	9998	0001
09002269  	MOLINILLO	09002	09002	00009	1	9999	2	9998	0001
09002674  	MOLINO SALINAS	09007	09007	00009	1	9999	2	9998	0001
09004175  	MOLINO, EL (BARRIO DE VILLIMAR)	09007	09007	00009	1	9999	2	9998	0001
09002130  	MONASTERIO DE HUELGAS	09001	09001	00009	1	9999	2	9998	0001
09002364  	MONEDA	09003	09003	00009	1	9999	2	9998	0001
09002131  	MONTES DE OCA	09001	09001	00009	1	9999	2	9998	0001
09002422  	MORCO	09004	09004	00009	1	9999	2	9998	0001
09002592  	MORERA (BARRIO DE VILLATORO)	09006	09006	00009	1	9999	2	9998	0001
09002365  	MURALLAS, LAS	09003	09003	00009	1	9999	2	9998	0001
09002524  	NAVAS DE TOLOSA	09006	09006	00009	1	9999	2	9998	0001
09002305  	NEVERA	09002	09002	00009	1	9999	2	9998	0001
09002133  	NICARAGUA	09001	09001	00009	1	9999	2	9998	0001
09002270  	NICOLAS DE VERGARA	09002	09002	00009	1	9999	2	9998	0001
09002593  	NOGALES (BARRIO DE VILLATORO)	09006	09006	00009	1	9999	2	9998	0001
09002205  	NOGALES, LOS (POLÍGONO INDUSTRIAL LOS BREZOS)	09001	09001	00009	1	9999	2	9998	0001
09002423  	NORTE	09004	09004	00009	1	9999	2	9998	0001
09002134  	NUESTRA SEÑORA DE BELEN	09001	09001	00009	1	9999	2	9998	0001
09002675  	NUESTRA SEÑORA DE FATIMA	09007	09007	00009	1	9999	2	9998	0001
09002676  	NUEVA PLAZA DE GAMONAL	09007	09007	00009	1	9999	2	9998	0001
09002366  	NUÑO RASURA	09003	09003	00009	1	9999	2	9998	0001
09002271  	OLMOS, LOS	09002	09002	00009	1	9999	2	9998	0001
09002208  	OLMOS, LOS (POLÍGONO INDUSTRIAL LOS BREZOS)	09001	09001	00009	1	9999	2	9998	0001
09002525  	ORLANDO DE LASO	09006	09006	00009	1	9999	2	9998	0001
09002677  	PABLO CASALS	09007	09007	00009	1	9999	2	9998	0001
09002678  	PABLO RUIZ PICASSO	09007	09007	00009	1	9999	2	9998	0001
09002526  	PADRE ARAMBURU	09006	09006	00009	1	9999	2	9998	0001
09002679  	PADRE ARREGUI	09007	09007	00009	1	9999	2	9998	0001
09002463  	PADRE FLOREZ	09005	09005	00009	1	9999	2	9998	0001
09002272  	PADRE LUIS DE SAN VITORES	09002	09002	00009	1	9999	2	9998	0001
09002273  	PADRE SALEVERRI	09002	09002	00009	1	9999	2	9998	0001
09002135  	PADRE SILVERIO	09001	09001	00009	1	9999	2	9998	0001
09002136  	PALENCIA	09001	09001	00009	1	9999	2	9998	0001
09002680  	PALMA DE MALLORCA	09007	09007	00009	1	9999	2	9998	0001
09002367  	PALOMA	09003	09003	00009	1	9999	2	9998	0001
09002137  	PANAMA	09001	09001	00009	1	9999	2	9998	0001
09002138  	PARAGUAY	09001	09001	00009	1	9999	2	9998	0001
09002681  	PARAMO	09007	09007	00009	1	9999	2	9998	0001
09004176  	PARQUE DE LA LUZ	09006	09006	00009	1	9999	2	9998	0001
09004160  	PARQUE DEL DOCTOR VARA	09003	09003	00009	1	9999	2	9998	0001
09002682  	PARQUE DOCTOR FELIX RODRIGUEZ DE LA FUENTE	09007	09007	00009	1	9999	2	9998	0001
09002566  	PARQUE LORD BADEN POWELL	09006	09006	00009	1	9999	2	9998	0001
09002368  	PARQUE SAN FRANCISCO	09003	09003	00009	1	9999	2	9998	0001
09002438  	PARQUE VIRGEN DEL MANZANO	09004	09004	00009	1	15	2	9998	0001
09002475  	PARQUE VIRGEN DEL MANZANO	09005	09005	00009	17	9999	0	0	0001
09002595  	PARRAL, EL (BARRIO DE VILLATORO)	09006	09006	00009	1	9999	2	9998	0001
09002139  	PARRALILLOS, LOS	09001	09001	00009	1	9999	2	9998	0001
09002140  	PASTIZAS, LAS	09001	09001	00009	1	9999	2	9998	0001
09002141  	PATIO CERRADO	09001	09001	00009	1	9999	2	9998	0001
09002527  	PAUL GUINERD	09006	09006	00009	1	9999	2	9998	0001
09002528  	PAVIA	09006	09006	00009	1	9999	2	9998	0001
09002683  	PEDRO ALFARO	09007	09007	00009	1	9999	2	9998	0001
09002529  	PEDRO MALDONADO	09006	09006	00009	1	9999	2	9998	0001
09002684  	PEREGRINO	09007	09007	00009	1	9999	2	9998	0001
09002142  	PERU	09001	09001	00009	1	9999	2	9998	0001
09002530  	PESSAC	09006	09006	00009	1	9999	2	9998	0001
09002465  	PETRONILA CASADO	09005	09005	00009	1	9999	2	9998	0001
09004177  	PINOS, LOS (POLÍGONO INDUSTRIAL LOS BREZOS)	09001	09001	00009	1	9999	2	9998	0001
09002531  	PINTOR DALI	09006	09006	00009	1	9999	2	9998	0001
09002532  	PINTOR FORTUNATO DE JULIAN	09006	09006	00009	1	9999	2	9998	0001
09002533  	PINTOR GOYA	09006	09006	00009	1	9999	2	9998	0001
09002534  	PINTOR JAVIER CORTES	09006	09006	00009	1	9999	2	9998	0001
09002535  	PINTOR MANERO	09006	09006	00009	1	9999	2	9998	0001
09002536  	PINTOR VELAZQUEZ	09006	09006	00009	1	9999	2	9998	0001
09002202  	PIO BAROJA	09001	09001	00009	1	9999	2	9998	0001
09002143  	PISONES	09001	09001	00009	1	9999	2	9998	0001
09002726  	PLANTIO	09007	09007	00009	1	9999	2	9998	0001
09002537  	PLATA	09006	09006	00009	1	9999	2	9998	0001
09002685  	POETA MARTIN GARRIDO	09007	09007	00009	1	9999	2	9998	0001
09002204  	POLÍGONO INDUSTRIAL LOS BREZOS	09001	09001	00009	1	9999	2	9998	0001
09002725  	POLIGONO RESIDENCIAL PABLO VI	09007	09007	00009	1	9999	2	9998	0001
09002369  	POLVORIN DE LA REBOLLEDA	09003	09003	00009	1	9999	2	9998	0001
09002144  	POLVORIN DE SANTA ANA	09001	09001	00009	1	9999	2	9998	0001
09002686  	POZA	09007	09007	00009	1	9999	2	9998	0001
09004192  	POZA (BARRIO DE VILLIMAR)	09007	09007	00009	1	9999	2	9998	0001
09002538  	POZANOS, DE LOS	09006	09006	00009	1	9999	2	9998	0001
09002687  	POZAS	09007	09007	00009	1	9999	2	9998	0001
09002370  	POZO SECO	09003	09003	00009	1	9999	2	9998	0001
09002596  	PRADO	09006	09006	00009	1	9999	2	9998	0001
09002145  	PRADOLUENGO	09001	09001	00009	1	9999	2	9998	0001
09002371  	PROCURADOR	09003	09003	00009	1	9999	2	9998	0001
09002424  	PUEBLA	09004	09004	00009	1	9999	2	9998	0001
09002425  	PUENTE GASSET	09004	09004	00009	1	9999	2	9998	0001
09002146  	PUERTA ROMEROS	09001	09001	00009	1	9999	2	9998	0001
09002372  	QUEIPO DE LLANO	09003	09003	00009	1	9999	2	9998	0001
09002276  	QUEVEDO	09002	09002	00009	1	9999	2	9998	0001
09002277  	QUINTA	09002	09002	00009	1	9999	2	9998	0001
09002373  	QUINTANADUEÑAS	09003	09003	00009	1	9999	2	9998	0001
09002148  	QUINTANAR DE LA SIERRA	09001	09001	00009	1	9999	2	9998	0001
09004179  	QUINTANILLA, LAS (BARRIO DE VILLALONQUEJAR)	09001	09001	00009	1	9999	2	9998	0001
09002466  	RADIO POPULAR	09005	09005	00009	1	9999	2	9998	0001
09002278  	RAMON Y CAJAL	09002	09002	00009	1	9999	2	9998	0001
09002688  	REAL	09007	09007	00009	1	9999	2	9998	0001
09004180  	REAL PLAZA (BARRIO DE VILLATONQUEJAR)	09001	09001	00009	1	9999	2	9998	0001
09002149  	REBOLLEDAS, LAS	09001	09001	00009	1	9999	2	9998	0001
09002426  	REGINO SAINZ DE LA MAZA	09004	09004	00009	1	9999	2	9998	0001
09002150  	REINA LEONOR	09001	09001	00009	1	9999	2	9998	0001
09002467  	REY DON PEDRO	09005	09005	00009	1	9999	2	9998	0001
09002374  	REY SAN FERNANDO	09003	09003	00009	1	9999	2	9998	0001
09002427  	REY, DEL	09004	09004	00009	1	9999	2	9998	0001
09002428  	REYES CATOLICOS	09004	09004	00009	0	0	2	12	0001
09002468  	REYES CATOLICOS	09005	09005	00009	1	41	14	44	0001
09002540  	REYES CATOLICOS	09006	09006	00009	43	9999	46	9998	0001
09002689  	RIBERA, LA	09007	09007	00009	1	9999	2	9998	0001
09004193  	RINCONADA, LA	09001	09001	00009	1	9999	2	9998	0001
09002541  	RIO CADAGUA	09006	09006	00009	1	9999	2	9998	0001
09002151  	RIO CEREZO	09001	09001	00009	1	9999	2	9998	0001
09002542  	RIO ESGUEVA	09006	09006	00009	1	9999	2	9998	0001
09002544  	RIO OCA	09006	09006	00009	1	9999	2	9998	0001
09002545  	RIO ODRA	09006	09006	00009	1	9999	2	9998	0001
09002546  	RIO PEDROSO	09006	09006	00009	1	9999	2	9998	0001
09002547  	RIO RUDRON	09006	09006	00009	1	9999	2	9998	0001
09002548  	RIO TIRON	09006	09006	00009	1	9999	2	9998	0001
09002549  	RIO TRUEBA	09006	09006	00009	1	9999	2	9998	0001
09002550  	RIO UBIERNA	09006	09006	00009	1	9999	2	9998	0001
09002551  	RIO URBEL	09006	09006	00009	1	9999	2	9998	0001
09002607  	RIO VIEJO (BARRIO DE VILLIMAR)	09007	09007	00009	1	9999	2	9998	0001
09002690  	RIO, DEL (BARRIO DE VILLIMAR)	09007	09007	00009	1	9999	2	9998	0001
09002279  	RIVALAMORA	09002	09002	00009	1	9999	2	9998	0001
09002152  	ROA	09001	09001	00009	1	9999	2	9998	0001
09002280  	ROBLES, LOS	09002	09002	00009	1	9999	2	9998	0001
09002597  	RODO, EL (BARRIO DE VILLATORO)	09006	09006	00009	1	9999	2	9998	0001
09002552  	RODRIGO DE SEBASTIAN	09006	09006	00009	1	9999	2	9998	0001
09002153  	ROLLO, EL	09001	09001	00009	1	9999	2	9998	0001
09002691  	ROMA	09007	09007	00009	1	9999	2	9998	0001
09002281  	ROMANCEROS	09002	09002	00009	1	9999	2	9998	0001
09002375  	RONDA	09003	09003	00009	1	9999	2	9998	0001
09002201  	ROSALIA DE CASTRO	09001	09001	00009	1	9999	2	9998	0001
09002282  	RUIZ DE ALARCON	09002	09002	00009	1	9999	2	9998	0001
09002440  	RUIZ DORRONSORO, DE	09004	09004	00009	1	9999	2	9998	0001
09002553  	SAGRADA FAMILIA	09006	09006	00009	1	9999	2	9998	0001
09002692  	SAGRADA FAMILIA (BARRIO DE VILLAYUDA)	09007	09007	00009	1	9999	2	9998	0001
09002429  	SALAMANCA	09004	09004	00009	1	9999	2	9998	0001
09002154  	SALAS	09001	09001	00009	1	9999	2	9998	0001
09002376  	SALDAÑA	09003	09003	00009	1	9999	2	9998	0001
09002693  	SAN ADRIAN (BARRIO DE VILLIMAR)	09007	09007	00009	1	9999	2	9998	0001
09002155  	SAN AGUSTIN	09001	09001	00009	1	9999	2	9998	0001
09002198  	SAN AGUSTIN	09001	09001	00009	1	9999	2	9998	0001
09002195  	SAN AMARO	09001	09001	00009	1	9999	2	9998	0001
09002694  	SAN ANTON	09007	09007	00009	1	9999	2	9998	0001
09002210  	SAN ANTON (POLÍGONO INDUSTRIAL LOS BREZOS)	09001	09001	00009	1	9999	2	9998	0001
09002695  	SAN BRUNO	09007	09007	00009	1	9999	2	9998	0001
09002696  	SAN BRUNO	09007	09007	00009	1	9999	2	9998	0001
09002377  	SAN CARLOS	09003	09003	00009	1	9999	2	9998	0001
09002283  	SAN COSME	09002	09002	00009	1	9999	2	9998	0001
09002378  	SAN ESTEBAN	09003	09003	00009	1	9999	2	9998	0001
09002397  	SAN FRANCISCO	09003	09003	00009	1	27	2	10	0001
09002479  	SAN FRANCISCO	09005	09005	00009	29	9999	12	9998	0001
09002379  	SAN GIL	09003	09003	00009	1	9999	2	9998	0001
09002156  	SAN ISIDRO	09001	09001	00009	1	9999	2	9998	0001
09002157  	SAN JOAQUIN	09001	09001	00009	1	9999	2	9998	0001
09002284  	SAN JOSE	09002	09002	00009	1	9999	2	9998	0001
09002380  	SAN JUAN	09003	09003	00009	1	9	2	10	0001
09002430  	SAN JUAN	09004	09004	00009	11	9999	12	9998	0001
09002442  	SAN JUAN	09004	09004	00009	1	9999	2	9998	0001
09002187  	SAN JUAN BAUTISTA	09001	09001	00009	1	9999	2	9998	0001
09002576  	SAN JUAN DE LOS LAGOS	09006	09006	00009	1	9999	2	9998	0001
09002697  	SAN JUAN DE ORTEGA	09007	09007	00009	1	9999	2	9998	0001
09002300  	SAN JULIAN	09002	09002	00009	1	9999	2	9998	0001
09002431  	SAN LESMES	09004	09004	00009	1	9999	2	9998	0001
09002381  	SAN LORENZO	09003	09003	00009	1	9999	2	9998	0001
09002286  	SAN LUCAS	09002	09002	00009	1	9999	2	9998	0001
09002158  	SAN MARTIN DE LA BODEGA	09001	09001	00009	1	9999	2	9998	0001
09002382  	SAN MIGUEL	09003	09003	00009	1	9999	2	9998	0001
09002209  	SAN MIGUEL (POLÍGONO INDUSTRIAL LOS BREZOS)	09001	09001	00009	1	9999	2	9998	0001
09002554  	SAN NICOLAS	09006	09006	00009	1	9999	2	9998	0001
09002287  	SAN PABLO	09002	09002	00009	1	9999	2	9998	0001
09002288  	SAN PEDRO CARDEÑA	09002	09002	00009	1	9999	2	9998	0001
09002159  	SAN PEDRO Y SAN FELICES	09001	09001	00009	1	9999	2	9998	0001
09004195  	SAN ROQUE	09007	09007	00009	1	9999	2	9998	0001
09002598  	SAN SALVADOR (BARRIO DE VILLATORO)	09006	09006	00009	1	9999	2	9998	0001
09002698  	SAN TIMBIA (BARRIO DE VILLIMAR)	09007	09007	00009	1	9999	2	9998	0001
09002383  	SAN ZADORNIL	09003	09003	00009	1	9999	2	9998	0001
09002160  	SAN ZOLES	09001	09001	00009	1	9999	2	9998	0001
09002384  	SANTA AGUEDA	09003	09003	00009	1	9999	2	9998	0001
09002161  	SANTA ANA	09001	09001	00009	1	9999	2	9998	0001
09002432  	SANTA CASILDA	09004	09004	00009	1	9999	2	9998	0001
09002289  	SANTA CATALINA	09002	09002	00009	1	9999	2	9998	0001
09002290  	SANTA CLARA	09002	09002	00009	1	9999	2	9998	0001
09002291  	SANTA CRUZ	09002	09002	00009	1	9999	2	9998	0001
09002162  	SANTA DOROTEA	09001	09001	00009	1	9999	2	9998	0001
09002396  	SANTA MARIA	09003	09003	00009	1	9999	2	9998	0001
09002301  	SANTA TERESA	09002	09002	00009	1	9999	2	9998	0001
09002433  	SANTANDER	09004	09004	00009	1	9999	2	9998	0001
09004189  	SANTANDER	09006	09006	00009	1	9999	2	9998	0001
09002700  	SANTIAGO	09007	09007	00009	1	9999	2	9998	0001
09002608  	SANTIAGO	09007	09007	00009	1	9999	2	9998	0001
09002434  	SANTO DOMINGO DE GUZMAN	09004	09004	00009	1	9999	2	9998	0001
09002469  	SANTO DOMINGO DE SILOS	09005	09005	00009	1	9999	2	9998	0001
09002701  	SASAMON	09007	09007	00009	1	9999	2	9998	0001
09002702  	SAUCE	09007	09007	00009	1	9999	2	9998	0001
09002470  	SEDANO	09005	09005	00009	1	9999	2	9998	0001
09002435  	SEGOVIA	09004	09004	00009	1	9999	2	9998	0001
09002163  	SERNA	09001	09001	00009	1	9999	2	9998	0001
09002386  	SERRAMAGNA	09003	09003	00009	1	9999	2	9998	0001
09002573  	SEVERO OCHOA	09006	09006	00009	1	49	0	0	0001
09002732  	SEVERO OCHOA	09007	09007	00009	51	9999	2	9998	0001
09002703  	SEVILLA	09007	09007	00009	1	9999	2	9998	0001
09002717  	SIERRA NEVADA	09007	09007	00009	1	9999	2	9998	0001
09002704  	SIERRA, LA	09007	09007	00009	1	9999	2	9998	0001
09002292  	SIETE INFANTES DE LARA	09002	09002	00009	1	9999	2	9998	0001
09002164  	SOBRADO	09001	09001	00009	1	9999	2	9998	0001
09002705  	SONSOLES BALLVE	09007	09007	00009	1	9999	2	9998	0001
09002443  	SORIA	09004	09004	00009	1	9999	2	9998	0001
09002706  	SOTO, EL	09007	09007	00009	1	9999	2	9998	0001
09002599  	SOTRAGERO (BARRIO DE VILLATORO)	09006	09006	00009	1	9999	2	9998	0001
09002388  	TAHONAS	09003	09003	00009	1	9999	2	9998	0001
09002165  	TEJO, EL	09001	09001	00009	1	9999	2	9998	0001
09002389  	TENERIAS	09003	09003	00009	1	9999	2	9998	0001
09002556  	TENIENTE FIGUEROA	09006	09006	00009	1	9999	2	9998	0001
09002565  	TERESA DE LEON	09006	09006	00009	1	9999	2	9998	0001
09004182  	TERESA JORNET SANTA FUNDADORA	09007	09007	00009	1	9999	2	9998	0001
09002166  	TERUEL	09001	09001	00009	1	9999	2	9998	0001
09002557  	TESORERA	09006	09006	00009	1	9999	2	9998	0001
09002293  	TIMOTEO ARNAIZ	09002	09002	00009	1	9999	2	9998	0001
09002294  	TINTE	09002	09002	00009	1	9999	2	9998	0001
09002295  	TIRSO DE MOLINA	09002	09002	00009	1	9999	2	9998	0001
09002736  	TITOS, LOS	09007	09007	00009	1	9999	2	9998	0001
09002558  	TOMAS LUIS DE VITORIA	09006	09006	00009	1	9999	2	9998	0001
09002733  	TREINTA DE ENERO	09007	09007	00009	1	9999	2	9998	0001
09002738  	TRIGALES (BARRIO DE VILLIMAR)	09007	09007	00009	1	9999	2	9998	0001
09002600  	TRILLA, LA (BARRIO DE VILLATORO)	09006	09006	00009	1	9999	2	9998	0001
09002297  	TRINAS	09002	09002	00009	1	9999	2	9998	0001
09002390  	TRINIDAD	09003	09003	00009	1	9999	2	9998	0001
09002707  	TRUJILLO	09007	09007	00009	1	9999	2	9998	0001
09002167  	URUGUAY	09001	09001	00009	1	9999	2	9998	0001
09002471  	VADILLOS, DE LOS	09005	09005	00009	1	9999	2	9998	0001
09002168  	VALDECHOQUE	09001	09001	00009	1	9999	2	9998	0001
09002169  	VALDEMORO, DE	09001	09001	00009	1	9999	2	9998	0001
09002170  	VALDENUÑEZ	09001	09001	00009	1	9999	2	9998	0001
09002298  	VALENCIA DEL CID	09002	09002	00009	1	9999	2	9998	0001
09002472  	VALENTIN JALON	09005	09005	00009	1	9999	2	9998	0001
09002391  	VALENTIN PALENCIA	09003	09003	00009	1	9999	2	9998	0001
09002299  	VALLADOLID	09002	09002	00009	1	9999	2	9998	0001
09002171  	VALLADOLID	09001	09001	00009	1	9999	2	9998	0001
09002212  	VALLADOLID, HASTA KM. 6	09001	09001	00009	0	0	0	0	0001
09002172  	VALLE DE MENA	09001	09001	00009	1	9999	2	9998	0001
09002709  	VALLE DE VALDEBEZANA	09007	09007	00009	1	9999	2	9998	0001
09002307  	VEGA	09002	09002	00009	1	9999	2	9998	0001
09002473  	VENA, DEL	09005	09005	00009	1	9999	2	9998	0001
09002392  	VENERABLES	09003	09003	00009	1	9999	2	9998	0001
09002173  	VENEZUELA	09001	09001	00009	1	9999	2	9998	0001
09002710  	VENTILLA	09007	09007	00009	1	9999	2	9998	0001
09002174  	VENTOSA, LA	09001	09001	00009	1	9999	2	9998	0001
09002559  	VICTORIA BALFE	09006	09006	00009	1	9999	2	9998	0001
09002175  	VILLADIEGO	09001	09001	00009	1	9999	2	9998	0001
09002711  	VILLAFRANCA	09007	09007	00009	1	9999	2	9998	0001
09004184  	VILLAFRIA (BARRIO DE VILLIMAR)	09007	09007	00009	1	9999	2	9998	0001
09004185  	VILLAGONZALO (BARRIO DE VILLALONQUEJAR)	09001	09001	00009	1	9999	2	9998	0001
09002393  	VILLALON	09003	09003	00009	1	9999	2	9998	0001
09002190  	VILLALONQUEJAR	09001	09001	00009	1	9999	2	9998	0001
09002474  	VILLARCAYO	09005	09005	00009	1	9999	2	9998	0001
09004186  	VILLARGAMAR	09001	09001	00009	1	9999	2	9998	0001
09002601  	VILLARMERO (BARRIO DE VILLATORO)	09006	09006	00009	1	9999	2	9998	0001
09004194  	VILLATORO (BARRIO DE VILLIMAR)	09007	09007	00009	1	9999	2	9998	0001
09002715  	VILLIMAR	09007	09007	00009	0	0	0	0	0001
09002712  	VILLIMAR	09007	09007	00009	1	9999	2	9998	0001
09002436  	VIRGEN DEL MANZANO	09004	09004	00009	1	9999	2	9998	0001
09002196  	VIRGEN DEL PILAR	09001	09001	00009	1	9999	2	9998	0001
09002713  	VIRGEN DEL PILAR (BARRIO DE VILLIMAR)	09007	09007	00009	1	9999	2	9998	0001
09002602  	VIRGEN DEL ROSARIO (BARRIO DE VILLATORO)	09006	09006	00009	1	9999	2	9998	0001
09002177  	VISTA ALEGRE	09001	09001	00009	1	9999	2	9998	0001
09002734  	VISTA ALEGRE	09007	09007	00009	1	9999	2	9998	0001
09002437  	VITORIA	09004	09004	00009	1	37	2	64	0001
09002560  	VITORIA	09006	09006	00009	39	135	0	0	0001
09002714  	VITORIA	09007	09007	00009	137	9999	136	9998	0001
09002603  	YESERAS, LAS (BARRIO DE VILLATORO)	09006	09006	00009	1	9999	2	9998	0001
09002395  	ZAMORA	09003	09003	00009	1	9999	2	9998	0001
09002178  	ZARAGOZA	09001	09001	00009	1	9999	2	9998	0001
9004198   	REPUBLICA ARGENTINA	09001	09001	00009	1	9999	2	9998	0001
9004199   	BONIFACIO ZAMORA DE USABEL	09001	09001	00009	1	9999	2	9998	0001
9004200   	SEXTIL	09007	09007	00009	1	9999	2	9998	0001
9004201   	AVERROES	09007	09007	00009	1	9999	2	9998	0001
9004202   	VIRGEN DEL SALTERIO	09001	09001	00009	1	9999	2	9998	0001
9004203   	MODESTO CIRUELOS	09001	09001	00009	1	9999	2	9998	0001
9004205   	CANTABRIA	09006	09006	00009	1	9999	2	9998	0001
9004206   	LUIS MARTIN SANTOS	09002	09002	00009	1	9999	2	9998	0001
9004207   	ENTREMERCADOS	09003	09003	00009	1	9999	2	9998	0001
9004208   	GRAN TEATRO	09004	09004	00009	1	9999	2	9998	0001
9004209   	CONCORDIA	09003	09003	00009	1	9999	2	9998	0001
9004210   	TOLEDO	09004	09004	00009	1	9999	2	9998	0001
9004212   	LIBERTAD	09004	09004	00009	1	9999	2	9998	0001
9004213   	PROGRESO	09002	09002	00009	1	9999	2	9998	0001
9004214   	OVIEDO	09002	09002	00009	1	9999	2	9998	0001
9004215   	ANTONIO MACHADO	09004	09004	00009	1	3	2	2	0001
9004216   	ANTONIO MACHADO	09005	09005	00009	4	9999			0001
9004217   	SIERRA DE ATAPUERCA	09002	09002	00009	1	9999	2	9998	0001
9004218   	FEDERICO OLMEDA	09006	09006	00009	1	9999	2	9998	0001
9004220   	TERESA DE CARTAGENA SARAVIA	09003	09003	00009	1	9999	2	9998	0001
9004221   	ROSA SENSAT	09003	09003	00009	1	9999	2	9998	0001
9004222   	MAYOR	09003	09003	00009	1	9999	2	9998	0001
9004223   	COMPLUTENSE	09001	09001	00009	1	9999	2	9998	0001
9004224   	ROSA DE LIMA MANZANO	09003	09003	00009	1	9999	2	9998	0001
9004225   	LOVAINA	09001	09001	00009	1	9999	2	9998	0001
9004226   	TRESPADERNE	09001	09001	00009	1	9999	2	9998	0001
9004227   	ANTONIO ACUÑA	09003	09003	00009	1	9999	2	9998	0001
9004228   	DOCTOR EMILIO JIMENEZ HERAS	09001	09001	00009	1	9999	2	9998	0001
9004229   	NAVARRETE	09001	09001	00009	1	9999	2	9998	0001
9004230   	CATEDRA, LA	09003	09003	00009	1	9999	2	9998	0001
9004231   	MURCIA	09003	09003	00009	1	9999	2	9998	0001
9004232   	MONTE SANO	09003	09003	00009	1	9999	2	9998	0001
9004233   	MIO CID	09004	09004	00009	1	9999	2	9998	0001
9004235   	EMILIO GIMENEZ HERAS	09001	09001	00009	1	9999	2	9998	0001
9004236   	ARLES	09001	09001	00009	1	9999	2	9998	0001
9004238   	CONDES DE BERBERANA	09001	09001	00009	1	9999	2	9998	0001
9004239   	INDES DE SUAREZ	09002	09002	00009	1	9999	2	9998	0001
9004240   	PEDRO POVEDA CASTROVERDE	09007	09007	00009	1	9999	2	9998	0001
9004241   	JOSE MARIA CODON	09006	09006	00009	1	9999	2	9998	0001
9004211   	PAZ, DE LA	09004	09004	00009	1	9999	2	9998	0001
9004242   	MARIANA PINEDA	09003	09003	00009	1	9999	2	9998	0001
9004243   	MALATOS	09003	09003	00009	1	9999	2	9998	0001
9004244   	COIMBRA	09001	09001	00009	1	9999	2	9998	0001
9004245   	LUIS ROSADO	09001	09001	00009	1	9999	2	9998	0001
9004246   	ANTONIO GARCIA MARTIN	09007	09007	00009	1	9999	2	9998	0001
9004247   	CALERUEGA	09001	09001	00009	1	9999	2	9998	0001
9004248   	ROSA CHACEL	09007	09007	00009	1	9999	2	9998	0001
9004250   	CANCIONERO DE BAENA	09006	09006	00009	1	9999	2	9998	0001
9004251   	BAHAMAS	09001	09001	00009	1	9999	2	9998	0001
9004252   	CLAUSTRILLAS, LAS	09001	09001	00009	1	9999	2	9998	0001
9004253   	MARIA MOLINER	09007	09007	00009	1	9999	2	9998	0001
9004254   	SAGAGUN	09001	09001	00009	1	9999	2	9998	0001
9004255   	LAZARILLO DE TORMES	09006	09006	00009	1	9999	2	9998	0001
9004256   	JOSE MARIA GONZALEZ MARRON	09001	09001	00009	1	9999	2	9998	0001
9004257   	DOCTOR JAIME SANTAMARIA	09001	09001	00009	1	9999	2	9998	0001
9004258   	DOCTOR JOSE LUIS SANTAMARIA	09001	09001	00009	1	9999	2	9998	0001
9004259   	OXFORD	09001	09001	00009	1	9999	2	9998	0001
09002061  	ALFAREROS	09001	09001	00009	1	9999	2	9998	0001
09002312  	ALVAR FAÑEZ	09003	09003	00009	1	9999	2	9998	0001
09002219  	ANDRES MARTINEZ ZATORRE	09002	09002	00009	1	9999	2	9998	0001
09002067  	ARGENTINA	09001	09001	00009	1	9999	2	9998	0001
09002476  	AZORIN	09005	09005	00009	1	9999	2	9998	0001
09002485  	BARRIADA MANUEL ILLERA	09006	09006	00009	1	9999	2	9998	0001
09002077  	BARRIO GIMENO	09001	09001	00009	1	9999	2	9998	0001
09004156  	BOFORDO, EL	09003	09003	00009	1	9999	2	9998	0001
09002229  	CALATRAVAS	09002	09002	00009	1	9999	2	9998	0001
09002084  	CARDENAL AGUIRRE	09001	09001	00009	1	9999	2	9998	0001
09002450  	CID CAMPEADOR	09005	09005	00009	21	85	2	96	0001
09002091  	CONDE DE GUADALHORCE	09001	09001	00009	1	9999	2	9998	0001
09002452  	CONDE DON SANCHO	09005	09005	00009	1	9999	2	9998	0001
09002569  	CORTES DE FUENSALDAÑA	09006	09006	00009	1	9999	2	9998	0001
09002456  	DIEGO LAINEZ	09005	09005	00009	1	9999	2	9998	0001
09002250  	DOÑA SOL	09002	09002	00009	1	9999	2	9998	0001
09002337  	EMPERADOR	09003	09003	00009	1	9999	2	9998	0001
09002639  	ESCUELAS GAMONAL	09007	09007	00009	1	9999	2	9998	0001
09002644  	FEDERICO GARCIA LORCA	09007	09007	00009	1	9999	2	9998	0001
09002103  	FRAY ESTEBAN DE LA VILLA	09001	09001	00009	1	9999	2	9998	0001
09002348  	GALLEGO	09003	09003	00009	1	9999	2	9998	0001
09002057  	GUADALAJARA	09001	09001	00009	1	9999	2	9998	0001
09002418  	HORTELANOS	09004	09004	00009	1	9999	2	9998	0001
09004187  	ISIDORA DÍAZ MURUGARREN	09007	09007	00009	1	9999	2	9998	0001
09002510  	ISLAS BALEARES	09006	09006	00009	1	9999	2	9998	0001
09002513  	JOSE MARIA DE LA PUENTE	09006	09006	00009	1	9999	2	9998	0001
09002260  	JULIO ALEGRIA	09002	09002	00009	1	9999	2	9998	0001
09002520  	LEPANTO	09006	09006	00009	1	9999	2	9998	0001
09002667  	MALAGA	09007	09007	00009	1	9999	2	9998	0001
09002669  	MAYOR DE LA VENTILLA	09007	09007	00009	1	9999	2	9998	0001
09004174  	MESNADAS, LAS	09003	09003	00009	1	9999	2	9998	0001
09002132  	MONTES OBARENES	09001	09001	00009	1	9999	2	9998	0001
09002306  	OBISPO D. MAURICIO	09002	09002	00009	1	9999	2	9998	0001
09002464  	PADRE MELCHOR PRIETO	09005	09005	00009	1	9999	2	9998	0001
09002274  	PARRA	09002	09002	00009	1	9999	2	9998	0001
09002275  	PISUERGA	09002	09002	00009	1	9999	2	9998	0001
09004178  	POZO, EL (BARRIO VILLIMAR)	09007	09007	00009	1	9999	2	9998	0001
09002147  	PUERTO RICO	09001	09001	00009	1	9999	2	9998	0001
09002539  	REVENGA, LA	09006	09006	00009	1	9999	2	9998	0001
09002543  	RIO NELA	09006	09006	00009	1	9999	2	9998	0001
09002214  	ROBLES, LOS (POLÍGONO INDUSTRIAL LOS BREZOS)	09001	09001	00009	1	9999	2	9998	0001
09002699  	SANTA BARBARA	09007	09007	00009	1	9999	2	9998	0001
09002385  	SANTO TORIBIO	09003	09003	00009	1	9999	2	9998	0001
09002387  	SOMBRERERIA	09003	09003	00009	1	9999	2	9998	0001
09002296  	TIZONA	09002	09002	00009	1	9999	2	9998	0001
09002708  	VALDIBAÑEZ (BARRIO DE VILLIMAR)	09007	09007	00009	1	9999	2	9998	0001
09002574  	VICENTE ALEIXANDRE	09006	09006	00009	1	9999	2	9998	0001
09002394  	VIRGEN DE LA BLANCA	09003	09003	00009	1	9999	2	9998	0001
9004204   	HORNILLOS	09001	09001	00009	1	9999	2	9998	0001
9004219   	DOCTOR FLEMING	09002	09002	00009	1	9999	2	9998	0001
9004234   	HERMANAS MIRAVAL	09007	09007	00009	1	9999	2	9998	0001
9004260   	VELA ZANETTI	09007	09007	00009	1	9999	2	9998	
9004261   	PERDIGUERO DE BURGOS	09003	09003	00009	1	9999	2	9998	
9004262   	ARZOBISPO PEREZ CECILIA	09006	09006	00009	1	9999	2	9998	
9004263   	DIEGO DE LEIVA	09002	09002	00009	1	9999	2	9998	
9004264   	JAMAICA	09001	09001	00009	1	9999	2	9998	
