01	11	.29999999999999999	A	167.0	
01	12	.29999999999999999	A	167.0	
01	13	.29999999999999999	A	167.0	
01	21	.29999999999999999	A	167.0	
01	22	.29999999999999999	A	167.0	
01	23	.29999999999999999	A	167.0	
01	31	.29999999999999999	A	167.0	
01	32	.29999999999999999	A	167.0	
01	33	.29999999999999999	A	167.0	
01	41	.29999999999999999	A	167.0	
01	42	.29999999999999999	A	167.0	
01	51	.29999999999999999	A	167.0	
01	52	.29999999999999999	A	167.0	
01	61	.29999999999999999	A	167.0	
01	62	.29999999999999999	A	167.0	
01	63	.29999999999999999	A	167.0	
01	71	.29999999999999999	A	167.0	
01	72	.29999999999999999	A	167.0	
01	73	.29999999999999999	A	167.0	
01	74	.29999999999999999	A	167.0	
01	75	.29999999999999999	A	167.0	
01	81	.29999999999999999	A	167.0	
01	82	.29999999999999999	A	167.0	
01	83	.29999999999999999	A	167.0	
01	91	.29999999999999999	B	167.0	
01	92	.29999999999999999	B	167.0	
01	93	.29999999999999999	B	167.0	
02	11	.29999999999999999	A	167.0	
02	12	.29999999999999999	A	167.0	
02	13	.29999999999999999	A	167.0	
02	21	.29999999999999999	A	167.0	
02	22	.29999999999999999	A	167.0	
02	23	.29999999999999999	A	167.0	
02	31	.29999999999999999	A	167.0	
02	32	.29999999999999999	A	167.0	
02	33	.29999999999999999	A	167.0	
02	41	.29999999999999999	A	167.0	
02	42	.29999999999999999	A	167.0	
02	51	.29999999999999999	A	167.0	
02	52	.29999999999999999	A	167.0	
02	61	.29999999999999999	A	167.0	
02	62	.29999999999999999	A	167.0	
02	63	.29999999999999999	A	167.0	
02	71	.29999999999999999	A	167.0	
02	72	.29999999999999999	A	167.0	
02	73	.29999999999999999	A	167.0	
02	74	.29999999999999999	A	167.0	
02	75	.29999999999999999	A	167.0	
02	81	.29999999999999999	A	167.0	
02	82	.29999999999999999	A	167.0	
02	83	.29999999999999999	A	167.0	
02	91	.29999999999999999	B	167.0	
02	92	.29999999999999999	B	167.0	
02	93	.29999999999999999	B	167.0	
03	11	.84999999999999998	A	335.0	
03	12	.84999999999999998	A	335.0	
03	13	.84999999999999998	A	335.0	
03	21	.84999999999999998	A	335.0	
03	22	.84999999999999998	A	335.0	
03	23	.84999999999999998	A	335.0	
03	31	.84999999999999998	A	335.0	
03	32	.84999999999999998	A	335.0	
03	33	.84999999999999998	A	335.0	
03	41	.84999999999999998	A	335.0	
03	42	.84999999999999998	A	335.0	
03	51	.84999999999999998	A	335.0	
03	52	.84999999999999998	A	335.0	
03	61	.84999999999999998	A	335.0	
03	62	.84999999999999998	A	335.0	
03	63	.84999999999999998	A	335.0	
03	71	.84999999999999998	A	335.0	
03	72	.84999999999999998	A	335.0	
03	73	.84999999999999998	A	335.0	
03	74	.84999999999999998	A	335.0	
03	75	.84999999999999998	A	335.0	
03	81	.84999999999999998	A	335.0	
03	82	.84999999999999998	A	335.0	
03	83	.84999999999999998	A	335.0	
03	91	.84999999999999998	B	335.0	
03	92	.84999999999999998	B	335.0	
03	93	.84999999999999998	B	335.0	
04	11	1.0	A	400.0	
04	12	1.0	A	400.0	
04	13	1.0	A	400.0	
04	21	1.0	A	400.0	
04	22	1.0	A	400.0	
04	23	1.0	A	400.0	
04	31	1.0	A	400.0	
04	32	1.0	A	400.0	
04	33	1.0	A	400.0	
04	41	1.0	A	400.0	
04	42	1.0	A	400.0	
04	51	1.0	A	400.0	
04	52	1.0	A	400.0	
04	61	1.0	A	400.0	
04	62	1.0	A	400.0	
04	63	1.0	A	400.0	
04	71	1.0	A	400.0	
04	72	1.0	A	400.0	
04	73	1.0	A	400.0	
04	74	1.0	A	400.0	
04	75	1.0	A	400.0	
04	81	1.0	A	400.0	
04	82	1.0	A	400.0	
04	83	1.0	A	400.0	
04	91	1.0	B	400.0	
04	92	1.0	B	400.0	
04	93	1.0	B	400.0	
05	11	1.0	A	400.0	
05	12	1.0	A	400.0	
05	13	1.0	A	400.0	
05	21	1.0	A	400.0	
05	22	1.0	A	400.0	
05	23	1.0	A	400.0	
05	31	1.0	A	400.0	
05	32	1.0	A	400.0	
05	33	1.0	A	400.0	
05	41	1.0	A	400.0	
05	42	1.0	A	400.0	
05	51	1.0	A	400.0	
05	52	1.0	A	400.0	
05	61	1.0	A	400.0	
05	62	1.0	A	400.0	
05	63	1.0	A	400.0	
05	71	1.0	A	400.0	
05	72	1.0	A	400.0	
05	73	1.0	A	400.0	
05	74	1.0	A	400.0	
05	75	1.0	A	400.0	
05	81	1.0	A	400.0	
05	82	1.0	A	400.0	
05	83	1.0	A	400.0	
05	91	1.0	B	400.0	
05	92	1.0	B	400.0	
05	93	1.0	B	400.0	
11	12	1.0	E	817.0	
11	13	1.0	E	817.0	
11	22	1.0	D	980.0	
11	23	1.0	D	980.0	
11	31	1.0	D	980.0	
11	32	1.0	D	980.0	
11	33	1.0	D	980.0	
11	41	1.0	D	980.0	
11	42	1.0	D	980.0	
11	51	1.0	H	980.0	
11	52	1.0	H	980.0	
11	71	1.0	F	815.0	
11	72	1.2	F	980.0	
11	73	1.2	F	980.0	
11	81	1.0	F	815.0	
11	91	1.0	G	1020.0	
11	92	1.0	G	1020.0	
11	93	1.0	G	1020.0	
12	12	.69999999999999996	E	570.0	
12	13	.69999999999999996	E	570.0	
12	22	.69999999999999996	D	685.0	
12	23	.69999999999999996	D	685.0	
12	31	.69999999999999996	D	685.0	
12	32	.69999999999999996	D	685.0	
12	33	.69999999999999996	D	685.0	
12	41	.69999999999999996	D	685.0	
12	42	.69999999999999996	D	685.0	
12	51	.69999999999999996	H	685.0	
12	52	.69999999999999996	H	685.0	
12	61	2.4399999999999999	I	300.0	
12	62	2.4399999999999999	I	300.0	
12	63	2.4399999999999999	I	300.0	
12	71	.69999999999999996	F	570.0	
12	72	.83999999999999997	F	685.0	
12	73	.83999999999999997	F	685.0	
12	81	.69999999999999996	F	570.0	
12	91	.29999999999999999	G	610.0	
12	92	.29999999999999999	G	610.0	
12	93	.29999999999999999	G	610.0	
13	11	1.0	C	410.0	
13	12	1.0	C	410.0	S
13	13	1.0	C	410.0	S
13	21	1.2	C	492.0	
13	22	1.2	C	492.0	S
13	23	1.2	C	492.0	S
13	31	1.2	C	492.0	
13	32	1.2	C	492.0	
13	33	1.2	C	492.0	
13	41	1.2	C	492.0	
13	42	1.2	C	492.0	
13	51	.29999999999999999	H	490.0	
13	52	.29999999999999999	H	490.0	
13	71	.29999999999999999	F	652.0	
13	72	.35999999999999999	F	782.39999999999998	
13	73	.35999999999999999	F	782.39999999999998	
13	81	.29999999999999999	F	652.0	
13	91	.69999999999999996	G	775.0	
13	92	.69999999999999996	G	775.0	
13	93	.69999999999999996	G	775.0	
14	11	1.0	C	410.0	
14	12	1.0	C	410.0	
14	13	1.0	C	410.0	
14	21	1.2	C	492.0	
14	22	1.2	C	492.0	
14	23	1.2	C	492.0	
14	31	1.2	C	492.0	
14	32	1.2	C	492.0	
14	33	1.2	C	492.0	
14	41	1.2	C	492.0	
14	42	1.2	C	492.0	
14	51	.29999999999999999	H	490.0	
14	52	.29999999999999999	H	490.0	
14	71	.29999999999999999	F	652.0	
14	72	.35999999999999999	F	782.39999999999998	
14	73	.35999999999999999	F	782.39999999999998	
14	81	.29999999999999999	F	652.0	
14	91	.69999999999999996	G	775.0	
14	92	.69999999999999996	G	775.0	
14	93	.69999999999999996	G	775.0	
15	12	1.0	E	817.0	
15	13	1.0	E	817.0	
15	22	1.0	D	980.0	
15	23	1.0	D	980.0	
15	31	1.0	D	980.0	
15	32	1.0	D	980.0	
15	33	1.0	D	980.0	
15	41	1.0	D	980.0	
15	42	1.0	D	980.0	
15	51	1.0	H	980.0	
15	52	1.0	H	980.0	
15	71	1.0	F	815.0	
15	72	1.2	F	980.0	
15	73	1.2	F	980.0	
15	81	1.0	F	815.0	
15	91	1.0	G	1020.0	
15	92	1.0	G	1020.0	
15	93	1.0	G	1020.0	
16	11	1.0	C	410.0	
16	12	1.0	C	410.0	
16	13	1.0	C	410.0	
16	21	1.2	C	492.0	
16	22	1.2	C	492.0	
16	23	1.2	C	492.0	
16	31	1.2	C	492.0	
16	32	1.2	C	492.0	
16	33	1.2	C	492.0	
16	41	1.2	C	492.0	
16	42	1.2	C	492.0	
16	51	.29999999999999999	H	490.0	
16	52	.29999999999999999	H	490.0	
16	71	.29999999999999999	F	652.0	
16	72	.35999999999999999	F	782.39999999999998	
16	73	.35999999999999999	F	782.39999999999998	
16	81	.29999999999999999	F	652.0	
16	91	.69999999999999996	G	775.0	
16	92	.69999999999999996	G	775.0	
16	93	.69999999999999996	G	775.0	
17	11	1.0	C	410.0	
17	12	1.0	C	410.0	
17	13	1.0	C	410.0	
17	21	1.2	C	492.0	
17	22	1.2	C	492.0	
17	23	1.2	C	492.0	
17	31	1.2	C	492.0	
17	32	1.2	C	492.0	
17	33	1.2	C	492.0	
17	41	1.2	C	492.0	
17	42	1.2	C	492.0	
17	51	.29999999999999999	H	490.0	
17	52	.29999999999999999	H	490.0	
17	71	.29999999999999999	F	652.0	
17	72	.35999999999999999	F	782.39999999999998	
17	73	.35999999999999999	F	782.39999999999998	
17	81	.29999999999999999	F	652.0	
17	91	.69999999999999996	G	775.0	
17	92	.69999999999999996	G	775.0	
17	93	.69999999999999996	G	775.0	
31	* 	1.0	I2	1700.0	
32	* 	1.0	I3	815.0	
33	* 	1.0	I4	980.0	
41	* 	1.0	J	305.0	
42	* 	1.0	J	305.0	
43	* 	1.0	J	305.0	
44	* 	1.0	J	305.0	
45	* 	1.0	J	305.0	
51	* 	1.0	J	305.0	
52	* 	1.0	J	305.0	
53	* 	1.0	J	305.0	
54	* 	1.0	J	305.0	
61	* 	1.0	J	305.0	
62	* 	1.0	J	305.0	
63	* 	1.0	J	305.0	
64	* 	1.0	J	305.0	
65	* 	1.0	J	305.0	
66	* 	1.0	J	305.0	
71	* 	1.0	J	305.0	
72	* 	1.0	J	305.0	
73	* 	1.0	J	305.0	
74	* 	1.0	J	305.0	
75	* 	1.0	J	305.0	
81	* 	1.0	J	305.0	
82	* 	1.0	J	305.0	
91	* 	1.0	J	305.0	
92	* 	1.0	J	305.0	
93	* 	1.0	J	305.0	
94	* 	1.0	J	305.0	
95	* 	1.0	J	305.0	
