01	01 	01; 02; 03; 04 y 05                               
01	02 	01; 02; 03; 04 y 05                               
01	03 	01; 02; 03; 04 y 05                               
01	04 	01; 02; 03; 04 y 05                               
01	05 	01; 02; 03; 04 y 05                               
02	14 	14 y 17                                           
02	17 	14 y 17                                           
03	11 	11 y 15                                           
03	15 	11 y 15                                           
04	41 	41; 42; 43; 44; 45 y 46                           
04	42 	41; 42; 43; 44; 45 y 46                           
04	43 	41; 42; 43; 44; 45 y 46                           
04	44 	41; 42; 43; 44; 45 y 46                           
04	45 	41; 42; 43; 44; 45 y 46                           
04	46 	41; 42; 43; 44; 45 y 46                           
05	51 	51; 52; 53 y 54                                   
05	52 	51; 52; 53 y 54                                   
05	53 	51; 52; 53 y 54                                   
05	54 	51; 52; 53 y 54                                   
06	31 	31; 32 y 33                                       
06	32 	31; 32 y 33                                       
06	33 	31; 32 y 33                                       
07	71 	71; 72; 73; 74 y 75                               
07	72 	71; 72; 73; 74 y 75                               
07	73 	71; 72; 73; 74 y 75                               
07	74 	71; 72; 73; 74 y 75                               
07	75 	71; 72; 73; 74 y 75                               
08	81 	81; 82 y 83                                       
08	82 	81; 82 y 83                                       
08	83 	81; 82 y 83                                       
09	61 	61; 62; 63; 64; 65 y 66                           
09	62 	61; 62; 63; 64; 65 y 66                           
09	63 	61; 62; 63; 64; 65 y 66                           
09	64 	61; 62; 63; 64; 65 y 66                           
09	65 	61; 62; 63; 64; 65 y 66                           
09	66 	61; 62; 63; 64; 65 y 66                           
10	91 	91; 92; 93; 94 y 95                               
10	92 	91; 92; 93; 94 y 95                               
10	93 	91; 92; 93; 94 y 95                               
10	94 	91; 92; 93; 94 y 95                               
10	95 	91; 92; 93; 94 y 95                               
