01	11 	11; 12 y 13
01	12 	11; 12 y 13
01	13 	11; 12 y 13
02	21 	21; 22 y 23
02	22 	21; 22 y 23
02	23 	21; 22 y 23
03	31 	31; 32 y 33
03	32 	31; 32 y 33
03	33 	31; 32 y 33
04	41 	41 y 42
04	42 	41 y 42
05	51 	51 y 52
05	52 	51 y 52
06	61 	61; 62 y 63
06	62 	61; 62 y 63
06	63 	61; 62 y 63
07	71 	71; 72; 73; 74 y 75
07	72 	71; 72; 73; 74 y 75
07	73 	71; 72; 73; 74 y 75
07	74 	71; 72; 73; 74 y 75
07	75 	71; 72; 73; 74 y 75
08	81 	81; 82 y 83
08	82 	81; 82 y 83
08	83 	81; 82 y 83
09	91 	91; 92 y 93
09	92 	91; 92 y 93
09	93 	91; 92 y 93
