01	11 	11; 12; 13; 14; 15; 16 y 17
01	12 	11; 12; 13; 14; 15; 16 y 17
01	13 	11; 12; 13; 14; 15; 16 y 17
01	14 	11; 12; 13; 14; 15; 16 y 17
01	15 	11; 12; 13; 14; 15; 16 y 17
01	16 	11; 12; 13; 14; 15; 16 y 17
01	17 	11; 12; 13; 14; 15; 16 y 17
02	21 	21; 22; 23; 24; 25; 26; 27 y 28
02	22 	21; 22; 23; 24; 25; 26; 27 y 28
02	23 	21; 22; 23; 24; 25; 26; 27 y 28
02	24 	21; 22; 23; 24; 25; 26; 27 y 28
02	25 	21; 22; 23; 24; 25; 26; 27 y 28
02	26 	21; 22; 23; 24; 25; 26; 27 y 28
02	27 	21; 22; 23; 24; 25; 26; 27 y 28
02	28 	21; 22; 23; 24; 25; 26; 27 y 28
03	31 	31; 32 y 33
03	32 	31; 32 y 33
03	33 	31; 32 y 33
04	41 	41 y 42
04	42 	41 y 42
05	51 	51; 52; 53 y 54
05	52 	51; 52; 53 y 54
05	53 	51; 52; 53 y 54
06	54 	51; 52; 53 y 54
06	61 	61; 62; 63; 64; 65 y 66
06	62 	61; 62; 63; 64; 65 y 66
06	63 	61; 62; 63; 64; 65 y 66
06	64 	61; 62; 63; 64; 65 y 66
06	65 	61; 62; 63; 64; 65 y 66
06	66 	61; 62; 63; 64; 65 y 66
07	71 	71; 72; 73; 74 y 75
07	72 	71; 72; 73; 74 y 75
07	73 	71; 72; 73; 74 y 75
07	74 	71; 72; 73; 74 y 75
07	75 	71; 72; 73; 74 y 75
08	81 	81 y 82
08	82 	81 y 82
09	91 	91; 92; 93; 94 y 95
09	92 	91; 92; 93; 94 y 95
09	93 	91; 92; 93; 94 y 95
09	94 	91; 92; 93; 94 y 95
09	95 	91; 92; 93; 94 y 95
