0000000001	0000000001	0300266699	99.0	000000115609298	348.0	000000110920846	2	000000044169397
0000000002	0000000002	0300266699	81.0	000000084604380	387.0	000000129947265	2	000000089512282
0000000003	0000000003	0300266699	7.0	000000016993564	14.0	000000010414037	2	000000076675988
0000000004	0000000004	0700013178	6.0	000000040165209	106.0	000000012961967	2	000000013467792
0000000005	0000000005	0300266699	23.0	000000057176493	91.0	000000022575634	2	000000042075129
0000000006	0000000006	0700013178	3.0	000000000117360	144.0	000000024614309	2	000000037964741
0000000007	0000000007	0700013178	5.0	000000040157308	177.0	000000021987568	2	000000019795001
0000000008	0000000008	0300266699	70.0	000000080871443	316.0	000000104465018	2	000000065668704
0000000009	0000000009	0300266699	26.0	000000063572842	99.0	000000048645679	2	000000050741541
0000000010	0000000010	0300266699	27.0	000000016096329	106.0	000000018177913	2	000000052823125
0000000011	0000000011	0300266699	21.0	000000010618455	29.0	000000004371777	2	000000046576447
0000000012	0000000012	0300266699	25.0	000000044531250	133.0	000000031747154	2	000000033792351
0000000013	0000000013	0300266699	37.0	000000017040419	81.0	000000080000615	2	000000096752547
0000000014	0000000014	0700013178	5.0	000000000039976	185.0	000000022162415	2	000000041917440
0000000015	0000000015	0300266699	28.0	000000017880859	100.0	000000017651433	2	000000096523121
0000000016	0000000016	0300266699	29.0	000000021599991	96.0	000000022351317	2	000000097274447
0000000017	0000000017	0300266699	16.0	000000022618403	106.0	000000017933278	2	000000092589322
0000000018	0000000018	0300266699	10.0	000000029902657	55.0	000000029028057	2	000000091714722
0000000019	0000000019	0300266699	64.0	000000089122520	253.0	000000060579014	2	000000063171216
0000000020	0000000020	0700013178	3.0	000000040028497	154.0	000000018622831	2	000000020511774
0000000021	0000000021	0300266699	14.0	000000019326045	94.0	000000026096169	2	000000069941340
0000000022	0000000022	0300266699	24.0	000000039943544	83.0	000000025510870	2	000000055508666
0000000023	0000000023	0700013178	2.0	000000000090649	151.0	000000020189346	2	000000040610471
0000000024	0000000024	0300266699	90.0	000000063896639	304.0	000000106566662	2	000000098178689
0000000025	0000000025	0300266699	21.0	000000051530874	77.0	000000031286029	2	000000077933844
0000000026	0000000026	0300266699	17.0	000000024318717	80.0	000000020862473	2	000000074477600
0000000027	0000000027	0700013178	6.0	000000045438706	169.0	000000025365470	2	000000020537235
0000000028	0000000028	0300266699	16.0	000000015433064	61.0	000000017636191	2	000000076680727
0000000029	0000000029	0300266699	15.0	000000008770646	49.0	000000008704600	2	000000076614681
0000000030	0000000030	0300266699	20.0	000000030550209	62.0	000000012699478	2	000000058763950
0000000031	0000000031	0300266699	18.0	000000013406095	49.0	000000018352339	2	000000063710194
0000000032	0000000032	0700013178	4.0	000000000778581	126.0	000000016300316	2	000000036058970
0000000033	0000000033	0300266699	53.0	000000088476641	294.0	000000071755009	2	000000046988562
0000000034	0000000034	0300266699	17.0	000000028332373	70.0	000000037063684	2	000000055719873
0000000035	0000000035	0300266699	12.0	000000008534400	18.0	000000004955435	2	000000052140908
0000000036	0000000036	0700013178	4.0	000000000712011	132.0	000000026190238	2	000000061537197
0000000037	0000000037	0300266699	90.0	000000090766713	324.0	000000134248691	2	000000095622886
0000000038	0000000038	0700013178	4.0	000000065070115	128.0	000000016064867	2	000000012531949
0000000039	0000000039	0300266699	8.0	000000012740085	78.0	000000016495951	2	000000099378752
0000000040	0000000040	0300266699	22.0	000000021868557	106.0	000000032053902	2	000000109564097
0000000041	0000000041	0300266699	12.0	000000027972668	90.0	000000023433254	2	000000105024683
0000000042	0000000042	0300266699	23.0	000000043582196	110.0	000000028532373	2	000000089974860
0000000043	0000000043	0300266699	14.0	000000017101069	52.0	000000016402704	2	000000089276495
0000000044	0000000044	0700013178	5.0	000000001875887	179.0	000000024035235	2	000000034691297
0000000045	0000000045	0300266699	59.0	000000054249216	237.0	000000055451092	2	000000090478371
0000000046	0000000046	0300266699	4.0	000000002300840	20.0	000000003751564	2	000000091929095
0000000047	0000000047	0700013178	7.0	000000000962672	136.0	000000017297187	2	000000051025812
0000000048	0000000048	0300266699	12.0	000000035588510	44.0	000000015145076	2	000000071485661
0000000049	0000000049	0700013178	0.0	000000000000000	22.0	000000002753805	2	000000053779617
0000000050	0000000050	0300266699	35.0	000000057466044	103.0	000000044970188	2	000000058989805
0000000051	0000000051	0300266699	59.0	000000080666631	192.0	000000049234447	2	000000027557621
0000000052	0000000052	0300266699	5.0	000000003345068	15.0	000000004149665	2	000000028362218
0000000053	0000000053	0700013178	8.0	000000000696636	140.0	000000022088184	2	000000075171165
0000000054	0000000054	0300266699	24.0	000000026779438	128.0	000000138349275	2	000000139932055
0000000055	0000000055	0700013178	3.0	000000070057757	129.0	000000015391226	2	000000020504634
0000000056	0000000056	0300266699	67.0	000000092160635	285.0	000000081742256	2	000000129513676
0000000057	0000000057	0300266699	9.0	000000042203745	29.0	000000006389553	2	000000093699484
0000000058	0000000058	0300266699	20.0	000000022690562	102.0	000000033862088	2	000000104871010
0000000059	0000000059	0300266699	21.0	000000021432778	84.0	000000025776771	2	000000109215003
0000000060	0000000060	0300266699	24.0	000000037487085	88.0	000000022519652	2	000000094247570
0000000061	0000000061	2014445191	4.0	000000000635517	5.0	000000003464360	2	000000007166632
0000000062	0000000062	2014445191	18.0	000000000377867	0.0	000000000000000	2	000000006788765
0000000063	0000000063	2014445191	4.0	000000000121271	0.0	000000000000000	2	000000006667494
0000000064	0000000064	0300266699	20.0	000000055482225	96.0	000000048333388	2	000000087098733
0000000065	0000000065	0700013178	8.0	000000000325435	182.0	000000026050535	2	000000046229734
0000000066	0000000066	0300266699	80.0	000000070845734	256.0	000000115278442	2	000000131531441
0000000067	0000000067	0300266699	18.0	000000046076836	78.0	000000020559735	2	000000106014340
0000000068	0000000068	2014445191	15.0	000000000772483	0.0	000000000000000	2	000000005895011
0000000069	0000000069	0700013178	5.0	000000051471692	136.0	000000020116515	2	000000014874557
0000000070	0000000070	0300266699	47.0	000000033980852	198.0	000000078366875	2	000000150400363
0000000071	0000000071	0300266699	28.0	000000033539482	115.0	000000029631018	2	000000146491899
0000000072	0000000072	0300266699	32.0	000000057334147	152.0	000000059230146	2	000000148387898
0000000073	0000000073	2014445191	4.0	000000000145498	3.0	000000000305047	2	000000006054560
0000000074	0000000074	0700013178	5.0	000000000394489	181.0	000000026471741	2	000000040951809
0000000075	0000000075	0300266699	51.0	000000083069234	210.0	000000063781589	2	000000129100253
0000000076	0000000076	0300266699	33.0	000000047184622	143.0	000000047481256	2	000000129396887
0000000077	0000000077	0300266699	13.0	000000045237027	34.0	000000008850999	2	000000093010859
0000000078	0000000078	0700013178	4.0	000000000115954	174.0	000000023729315	2	000000064565170
0000000079	0000000079	2014445191	5.0	000000000404669	1.0	000000000013533	2	000000005663424
0000000080	0000000080	0300266699	100.0	000000111974752	331.0	000000154238397	2	000000135274504
0000000081	0000000081	0300266699	14.0	000000016302672	48.0	000000019050320	2	000000138022152
0000000082	0000000082	2014445191	4.0	000000000052684	1.0	000000000010804	2	000000005621544
0000000083	0000000083	0700013178	4.0	000000060095673	171.0	000000027328088	2	000000031797585
0000000084	0000000084	0300266699	28.0	000000039985309	153.0	000000043751940	2	000000141788783
0000000085	0000000085	0300266699	24.0	000000048531705	84.0	000000022650128	2	000000115907206
0000000086	0000000086	2014445191	3.0	000000000107064	1.0	000000000013533	2	000000005528013
0000000087	0000000087	0700013178	2.0	000000000013510	100.0	000000013225564	2	000000045009639
0000000088	0000000088	0300266699	10.0	000000010884704	55.0	000000017969040	2	000000122991542
0000000089	0000000089	0300266699	59.0	000000055891575	276.0	000000122291379	2	000000189391346
0000000090	0000000090	2014445191	3.0	000000000077083	0.0	000000000000000	2	000000005450930
0000000091	0000000091	0300266699	18.0	000000051425615	91.0	000000037288313	2	000000175254044
0000000092	0000000092	0300266699	36.0	000000024540512	76.0	000000024686340	2	000000175399872
0000000093	0000000093	0700013178	3.0	000000045027824	154.0	000000022157130	2	000000022138945
0000000094	0000000094	0300266699	47.0	000000085741142	194.0	000000058378555	2	000000148037285
0000000095	0000000095	0300266699	17.0	000000023896509	71.0	000000021446302	2	000000145587078
0000000096	0000000096	0300266699	14.0	000000004975000	35.0	000000004809291	2	000000145421369
0000000097	0000000097	0700013178	2.0	000000000020939	127.0	000000016677024	2	000000038795030
0000000098	0000000098	2014445191	8.0	000000000174698	0.0	000000000000000	2	000000005276232
0000000099	0000000099	0300266699	39.0	000000046216399	157.0	000000045259825	2	000000144464795
0000000100	0000000100	2014445191	8.0	000000000152531	8.0	000000000738480	2	000000005862181
0000000102	0000000102	0300266699	31.0	000000079799779	180.0	000000067028498	2	000000131693514
0000000103	0000000103	0300266699	15.0	000000020377304	90.0	000000025544712	2	000000136860922
0000000104	0000000104	0700013178	4.0	000000000826298	158.0	000000027229210	2	000000065197942
0000000105	0000000105	0300266699	19.0	000000026047191	98.0	000000029711972	2	000000140525703
0000000106	0000000106	0300266699	23.0	000000027432445	80.0	000000096095936	2	000000209189194
0000000107	0000000107	0300266699	4.0	000000003410915	35.0	000000014401696	2	000000220179975
0000000108	0000000108	0300266699	12.0	000000052906568	56.0	000000020047008	2	000000187320415
0000000109	0000000109	0700013178	4.0	000000070074523	117.0	000000022881986	2	000000018005405
0000000110	0000000110	2014445191	11.0	000000000781048	4.0	000000000738480	2	000000005819613
0000000112	0000000112	2314447398	10.0	000000002873326	12.0	000000009785987	2	000000006912661
0000000113	0000000113	0300266699	121.0	000000156691017	221.0	000000095415112	2	000000126044510
0000000114	0000000114	0300266699	43.0	000000041448171	136.0	000000064049109	2	000000148645448
0000000115	0000000115	0700013178	3.0	000000000248296	148.0	000000034375621	2	000000052132730
0000000116	0000000116	2314447398	13.0	000000001828403	9.0	000000001321302	2	000000006405560
0000000117	0000000117	0700013178	4.0	000000000641611	137.0	000000023301815	2	000000074792934
0000000118	0000000118	0300266699	75.0	000000058354692	244.0	000000081915471	2	000000172206227
0000000119	0000000119	0300266699	55.0	000000073500002	127.0	000000046873653	2	000000145579878
0000000120	0000000120	0300266699	42.0	000000050846658	121.0	000000053684852	2	000000148418072
0000000121	0000000121	0300266699	33.0	000000037491508	91.0	000000100319787	2	000000211246351
0000000122	0000000122	0300266699	24.0	000000026056228	95.0	000000024249468	2	000000209439591
0000000123	0000000123	2314447398	5.0	000000000841689	5.0	000000000481400	2	000000006045271
0000000124	0000000124	0300266699	23.0	000000056463158	91.0	000000038661977	2	000000191638410
0000000125	0000000125	0700013178	10.0	000000071146729	171.0	000000024496219	2	000000028142424
0000000126	0000000126	0300266699	63.0	000000071483689	219.0	000000070841359	2	000000190996080
0000000127	0000000127	2314447398	12.0	000000000699240	2.0	000000000534180	2	000000005880211
0000000128	0000000128	0300266699	35.0	000000064731184	97.0	000000069383556	2	000000195648452
0000000129	0000000129	0700013178	4.0	000000000948459	109.0	000000014825166	2	000000042019131
0000000130	0000000130	0300266699	63.0	000000062898750	242.0	000000123461596	2	000000256211298
0000000131	0000000131	0300266699	21.0	000000051485616	83.0	000000026111056	2	000000230836738
0000000132	0000000132	0300266699	22.0	000000025692402	82.0	000000039052465	2	000000244196801
0000000133	0000000133	0700013178	5.0	000000045097879	167.0	000000021225246	2	000000018146498
0000000134	0000000134	0300266699	36.0	000000077563233	106.0	000000033550869	2	000000200184437
0000000135	0000000135	0300266699	17.0	000000024258052	99.0	000000026987978	2	000000202914363
0000000136	0000000136	0300266699	21.0	000000029792392	86.0	000000041502472	2	000000214624443
0000000137	0000000137	0300266699	15.0	000000056255831	92.0	000000027709109	2	000000186077721
0000000138	0000000138	2314447398	10.0	000000000116562	3.0	000000000164507	2	000000005928156
0000000139	0000000139	2314447398	4.0	000000000331431	0.0	000000000000000	2	000000005596725
0000000140	0000000140	0700013178	8.0	000000000664574	157.0	000000029090578	2	000000046572502
0000000141	0000000141	0300266699	22.0	000000025987544	108.0	000000042042655	2	000000202132832
0000000142	0000000142	0300266699	29.0	000000182140888	104.0	000000031896082	2	000000051888026
0000000143	0000000143	2314447398	12.0	000000000343084	1.0	000000000281300	2	000000005534941
0000000144	0000000144	0300266699	23.0	000000042195763	101.0	000000078143155	2	000000087835418
0000000145	0000000145	0300266699	16.0	000000027984564	73.0	000000034562345	2	000000094413199
0000000146	0000000146	0300266699	10.0	000000034886990	29.0	000000007782729	2	000000067308938
0000000147	0000000147	0700013178	5.0	000000050212105	157.0	000000018762412	2	000000015122809
0000000148	0000000148	0300266699	10.0	000000019041923	60.0	000000018666810	2	000000066933825
0000000149	0000000149	0300266699	20.0	000000017140159	78.0	000000021803923	2	000000071597589
0000000150	0000000150	0300266699	10.0	000000021084853	55.0	000000015596994	2	000000066109730
0000000151	0000000151	0300266699	18.0	000000031837921	59.0	000000014650522	2	000000048922331
0000000152	0000000152	0300266699	15.0	000000022939744	72.0	000000031870653	2	000000057853240
0000000153	0000000153	0700013178	3.0	000000000492693	100.0	000000019692228	2	000000034322344
0000000154	0000000154	2314447398	3.0	000000000039977	1.0	000000000005633	2	000000005500597
0000000155	0000000155	2314447398	2.0	000000000073741	3.0	000000000216920	2	000000005643776
0000000156	0000000156	0300266699	21.0	000000018946023	69.0	000000018816967	2	000000057724184
0000000157	0000000157	0300266699	12.0	000000018698241	69.0	000000025165142	2	000000064191085
0000000158	0000000158	0300266699	20.0	000000016406480	77.0	000000028189870	2	000000075974475
0000000159	0000000159	0300266699	18.0	000000059839787	82.0	000000037251406	2	000000053386094
0000000160	0000000160	0700013178	3.0	000000000560458	105.0	000000015240252	2	000000049002138
0000000161	0000000161	0300266699	27.0	000000016679373	76.0	000000020064194	2	000000056770915
0000000162	0000000162	0300266699	18.0	000000011223522	42.0	000000009406088	2	000000054953481
0000000163	0000000163	0300266699	15.0	000000027091286	69.0	000000022258608	2	000000050120803
0000000164	0000000164	0300266699	14.0	000000025369497	73.0	000000026098908	2	000000050850214
0000000165	0000000165	0300266699	17.0	000000039119514	48.0	000000016971650	2	000000028702350
0000000166	0000000166	0700013178	3.0	000000000135520	150.0	000000024042898	2	000000072909516
0000000167	0000000167	2314447398	3.0	000000000106798	1.0	000000000081200	2	000000005618178
0000000168	0000000168	0300266699	9.0	000000103391837	15.0	000000009025519	1	000000065663968
0000000169	0000000169	0300266699	17.0	000000028690101	98.0	000000196314322	2	000000101960253
0000000170	0000000170	0300266699	15.0	000000088518874	83.0	000000031175638	2	000000044617017
0000000171	0000000171	2314447398	6.0	000000000161465	1.0	000000000021750	2	000000005478463
0000000172	0000000172	0300266699	19.0	000000019851534	63.0	000000018054499	2	000000042819982
0000000173	0000000173	0300266699	25.0	000000045528349	79.0	000000029429563	2	000000026721196
0000000174	0000000174	0700013178	9.0	000000065344595	171.0	000000019681240	2	000000027246161
0000000175	0000000175	0300266699	21.0	000000018317048	60.0	000000024461843	2	000000032865991
0000000176	0000000176	0300266699	28.0	000000031471370	102.0	000000026304594	2	000000027699215
0000000177	0000000177	2314447398	14.0	000000000562237	3.0	000000000387579	2	000000005303805
0000000178	0000000178	0700013178	6.0	000000000529816	116.0	000000018407045	2	000000045123390
0000000179	0000000179	0300266699	40.0	000000068416136	173.0	000000046277478	2	000000005560557
0000000180	0000000180	2314447398	8.0	000000000801225	6.0	000000003553503	2	000000008056083
0000000181	0000000181	0700013178	9.0	000000055096292	110.0	000000019041267	2	000000009068365
0000000182	0000000182	0300266699	42.0	000000055437580	109.0	000000075436813	2	000000025559790
0000000183	0000000183	0300266699	65.0	000000097477065	192.0	000000120062765	2	000000048145490
0000000184	0000000184	0300266699	58.0	000000081419279	207.0	000000095385775	2	000000062111986
0000000185	0000000185	0700013178	1.0	000000000046206	65.0	000000010327734	2	000000019349893
0000000186	0000000186	0300266699	49.0	000000083499193	173.0	000000062875614	2	000000041488407
0000000187	0000000187	0700013178	3.0	000000000341712	93.0	000000008421942	2	000000027430123
0000000188	0000000188	2314447398	4.0	000000000258294	0.0	000000000000000	2	000000007797789
0000000189	0000000189	2314447398	5.0	000000000200871	1.0	000000000005785	2	000000007602703
0000000190	0000000190	0300266699	77.0	000000258255895	313.0	000000241043058	2	000000024275570
0000000191	0000000191	0700013178	6.0	000000022410729	120.0	000000015582607	2	000000020602001
0000000192	0000000192	0300266699	88.0	000000201398427	332.0	000000188168924	2	000000011046067
0000000193	0000000193	0700013178	2.0	000000000037572	83.0	000000011004305	2	000000031568734
0000000194	0000000194	0700013178	2.0	000000020087509	55.0	000000004871800	2	000000016353025
0000000195	0000000195	0300266699	15.0	000000008291577	56.0	000000069619513	2	000000072374003
0000000196	0000000196	0300266699	109.0	000000146703157	400.0	000000124866870	2	000000050537716
0000000197	0000000197	0700013178	1.0	000000000013977	121.0	000000020013729	2	000000036352777
0000000198	0000000198	2314447398	6.0	000000000563208	1.0	000000000209380	2	000000007248875
0000000199	0000000199	2314447398	8.0	000000000392947	1.0	000000000021750	2	000000006877678
0000000200	0000000200	0300266699	97.0	000000175461668	350.0	000000132125046	2	000000007201094
0000000201	0000000201	0700013178	2.0	000000000064031	137.0	000000018152900	2	000000054441646
0000000202	0000000202	2314447398	10.0	000000000187375	0.0	000000000000000	2	000000006690303
0000000203	0000000203	0300266699	112.0	000000334862002	301.0	000000349960051	2	000000022299143
0000000204	0000000204	0700013178	5.0	000000050392423	142.0	000000029856413	2	000000033905636
0000000205	0000000205	0300266699	14.0	000000021602469	56.0	000000036217272	2	000000036913946
0000000206	0000000206	0700013178	1.0	000000025000000	18.0	000000001478120	2	000000010383756
0000000207	0000000207	0700013178	3.0	000000000279737	76.0	000000010744993	2	000000020849012
0000000208	0000000208	0300266699	69.0	000000074202076	242.0	000000062823438	2	000000025535308
0000000209	0000000209	2314447398	6.0	000000000458224	0.0	000000000000000	2	000000006232079
0000000210	0000000210	2314447398	3.0	000000000133161	0.0	000000000000000	2	000000006098918
0000000211	0000000211	0300266699	50.0	000000029466229	119.0	000000036437001	2	000000032506080
0000000212	0000000212	0300266699	46.0	000000052095588	112.0	000000041044001	2	000000021454493
0000000213	0000000213	0700013178	4.0	000000000489086	109.0	000000014483043	2	000000034842969
0000000214	0000000214	0300266699	12.0	000000015164311	20.0	000000033520302	2	000000039810484
0000000215	0000000215	0700013178	1.0	000000020000000	10.0	000000001215055	2	000000016058024
0000000216	0000000216	2314447398	2.0	000000000096317	1.0	000000000222279	2	000000006224880
0000000217	0000000217	0300266699	82.0	000000074362790	203.0	000000141679545	2	000000107127239
0000000218	0000000218	0700013178	2.0	000000000293552	106.0	000000019756315	2	000000035520787
0000000219	0000000219	0300266699	19.0	000000056503792	70.0	000000019832352	2	000000070455799
0000000220	0000000220	0700013178	2.0	000000000029620	47.0	000000005493328	2	000000040984495
0000000221	0000000221	2314447398	2.0	000000000138448	2.0	000000000085459	2	000000006171891
0000000222	0000000222	2314447398	3.0	000000000139578	4.0	000000000450950	2	000000006483263
0000000223	0000000223	0300266699	86.0	000000146305599	251.0	000000102721391	2	000000026871591
0000000224	0000000224	0700013178	5.0	000000025108185	132.0	000000026283197	2	000000042159507
0000000225	0000000225	0300266699	70.0	000000059174827	217.0	000000089986493	2	000000057683257
0000000226	0000000226	0700013178	4.0	000000030048659	98.0	000000009884135	2	000000021994983
0000000227	0000000227	0300266699	21.0	000000022981286	52.0	000000011694849	2	000000046396820
0000000228	0000000228	0700013178	0.0	000000000000000	21.0	000000002539491	2	000000024534474
0000000229	0000000229	0300266699	17.0	000000021225658	32.0	000000017583028	2	000000042754190
0000000230	0000000230	2314447398	8.0	000000001126071	4.0	000000000553900	2	000000005911092
0000000231	0000000231	0700013178	0.0	000000000000000	8.0	000000001023430	2	000000025557904
0000000232	0000000232	2314447398	13.0	000000003472949	9.0	000000003016414	2	000000005454557
0000000233	0000000233	0700013178	5.0	000000020107012	106.0	000000011778692	2	000000017229584
0000000234	0000000234	0300266699	88.0	000000114100268	234.0	000000136912100	2	000000065566022
0000000235	0000000235	2314447398	4.0	000000001105959	6.0	000000001009240	2	000000005357838
0000000236	0000000236	0300266699	121.0	000000114515010	302.0	000000094596657	2	000000045647669
0000000237	0000000237	0700013178	1.0	000000000011857	115.0	000000019010627	2	000000036228354
0000000238	0000000238	0300266699	76.0	000000145777407	286.0	000000238283745	2	000000138154007
0000000239	0000000239	2314447398	9.0	000000000145897	9.0	000000002125163	2	000000007337104
0000000240	0000000240	0300266699	15.0	000000016033937	23.0	000000006472535	2	000000128592605
0000000241	0000000241	0300266699	57.0	000000124616334	152.0	000000128082349	2	000000132058620
0000000242	0000000242	0700013178	4.0	000000039621615	136.0	000000028513710	2	000000025120449
0000000243	0000000243	0300266699	54.0	000000213407192	87.0	000000084100907	2	000000002752335
0000000244	0000000244	0700013178	5.0	000000070307265	109.0	000000061228277	2	000000016041461
0000000245	0000000245	2314447398	4.0	000000000281550	5.0	000000000340283	2	000000007395837
0000000246	0000000246	0300266699	6.0	000000028165490	88.0	000000038995948	2	000000013582793
0000000247	0000000247	0330468172	49.0	000000046689940	53.0	000000102322469	2	000000055632529
0000000248	0000000248	0700013178	2.0	000000000095363	66.0	000000006390681	2	000000022336779
0000000249	0000000249	0300266699	2.0	000000000092165	27.0	000000005006980	2	000000018497608
0000000250	0000000250	0330468172	37.0	000000062600174	118.0	000000047598596	2	000000040630951
0000000251	0000000251	0700013178	1.0	000000017500000	54.0	000000006025531	2	000000010862310
0000000252	0000000252	2314447398	14.0	000000000321807	3.0	000000000186404	2	000000007260434
0000000253	0000000253	0330468172	90.0	000000123885707	255.0	000000110534863	2	000000027280107
0000000254	0000000254	0300266699	8.0	000000027457127	53.0	000000017150561	2	000000008191042
0000000255	0000000255	0700013178	3.0	000000012025511	125.0	000000013840480	2	000000012677279
0000000256	0000000256	2314447398	6.0	000000000555225	0.0	000000000000000	2	000000006705209
0000000257	0000000257	0330468172	82.0	000000067883322	221.0	000000214796172	2	000000174192957
0000000258	0000000258	0300266699	3.0	000000007098935	21.0	000000008383190	2	000000009475297
0000000259	0000000259	0700013178	2.0	000000012001208	103.0	000000011976924	2	000000012652995
0000000260	0000000260	2314447398	14.0	000000000523723	3.0	000000000284200	2	000000006465686
0000000268	0000000261	0700013178	10.0	000000013071668	42.0	000000003411913	2	000000002993240
0000000269	0000000262	0330468172	29.0	000000150914665	64.0	000000032692054	2	000000055970346
0000000270	0000000263	0300266699	2.0	000000009026564	3.0	000000000194714	2	000000000643447
0000000271	0000000264	0330468172	44.0	000000040518665	160.0	000000043465008	2	000000058916689
0000000272	0000000265	0300266699	3.0	000000000211353	8.0	000000001839179	2	000000002271273
0000000273	0000000266	0330468172	23.0	000000026612091	44.0	000000009803458	2	000000042108056
0000000276	0000000267	0300266699	2.0	000000000043614	2.0	000000000361180	2	000000002588839
0000000277	0000000268	2314447398	5.0	000000000159966	0.0	000000000000000	2	000000006305720
0000000278	0000000269	0700013178	4.0	000000000026505	81.0	000000007370991	2	000000010337726
0000000279	0000000270	0330468172	64.0	000000060622556	207.0	000000069174542	2	000000050660042
0000000284	0000000271	0700013178	2.0	000000000043579	82.0	000000010058675	2	000000020352822
0000000285	0000000272	0330468172	15.0	000000019894439	51.0	000000033996507	2	000000064762110
0000000286	0000000273	2314447398	5.0	000000000134526	1.0	000000000162400	2	000000006333594
0000000287	0000000274	2314447398	4.0	000000000258645	0.0	000000000000000	2	000000006074949
0000000288	0000000275	0330468172	85.0	000000077466436	235.0	000000055639683	2	000000042935357
0000000289	0000000276	0700013178	3.0	000000015004691	121.0	000000011401035	2	000000016749166
0000000290	0000000277	0330468172	39.0	000000027543145	118.0	000000033510782	2	000000048902994
0000000291	0000000278	0330468172	37.0	000000032774109	194.0	000000039774975	2	000000055903860
0000000292	0000000279	0700013178	2.0	000000000210863	102.0	000000009560704	2	000000026099007
0000000293	0000000280	0330468172	6.0	000000069691579	16.0	000000027226558	2	000000013438839
0000000294	0000000281	0330468172	24.0	000000025590857	104.0	000000099862030	2	000000087710012
0000000295	0000000282	2314447398	16.0	000000000295994	1.0	000000000222279	2	000000006001234
0000000296	0000000283	0330468172	16.0	000000030630440	60.0	000000015045092	2	000000072124664
0000000297	0000000284	0700013178	2.0	000000025001299	77.0	000000006571837	2	000000007669545
0000000298	0000000285	0330468172	18.0	000000028201572	54.0	000000012396204	2	000000056319296
0000000299	0000000286	0700013178	0.0	000000000000000	18.0	000000003243509	2	000000010913054
0000000300	0000000287	0330468172	25.0	000000025090236	54.0	000000020641843	2	000000051870903
0000000301	0000000288	2314447398	6.0	000000000358166	1.0	000000000087000	2	000000005730068
0000000302	0000000289	0700013178	1.0	000000000000500	11.0	000000001661414	2	000000012573968
0000000303	0000000290	2314447398	6.0	000000000281839	4.0	000000002459000	2	000000007907229
0000000304	0000000291	0330468172	86.0	000000137106264	203.0	000000164548824	2	000000079313463
0000000305	0000000292	0700013178	5.0	000000000277214	78.0	000000009389529	2	000000021686283
0000000306	0000000293	0700013178	1.0	000000000002438	96.0	000000006827617	2	000000028511462
0000000307	0000000294	0330468172	92.0	000000090566366	336.0	000000079110354	2	000000067857451
0000000308	0000000295	2314447398	8.0	000000000856955	2.0	000000000186015	2	000000007236289
0000000309	0000000296	0700013178	6.0	000000020150716	134.0	000000016921942	2	000000025282688
0000000310	0000000297	0330468172	102.0	000000128539055	287.0	000000102811801	2	000000042130197
0000000311	0000000298	2314447398	5.0	000000000139188	1.0	000000000007050	2	000000007104151
0000000312	0000000299	0330468172	76.0	000000059531130	193.0	000000052950177	2	000000035549244
0000000313	0000000300	0700013178	3.0	000000100007024	90.0	000000085696811	2	000000010972475
0000000314	0000000301	0330468172	18.0	000000018312984	73.0	000000149160954	2	000000166397214
0000000315	0000000302	0700013178	0.0	000000000000000	37.0	000000002346782	2	000000013319257
0000000316	0000000303	2314447398	12.0	000000000346480	0.0	000000000000000	2	000000006757671
0000000317	0000000304	0700013178	2.0	000000020001200	29.0	000000011156948	2	000000004475005
0000000318	0000000305	0700013178	1.0	000000000000750	40.0	000000002349322	2	000000006823577
0000000319	0000000306	0330468172	67.0	000000095825628	178.0	000000033986261	2	000000104557847
0000000320	0000000307	0330468172	16.0	000000020878875	79.0	000000022113100	2	000000105792072
0000000321	0000000308	0700013178	4.0	000000000332763	40.0	000000004147430	2	000000010638244
0000000322	0000000309	0330468172	20.0	000000039246632	108.0	000000015443623	2	000000081989063
0000000323	0000000310	0700013178	0.0	000000000000000	41.0	000000005536979	2	000000016175223
0000000324	0000000311	0330468172	40.0	000000064732231	152.0	000000035165768	2	000000052422600
0000000325	0000000312	0700013178	1.0	000000000006827	29.0	000000002304544	2	000000018472940
0000000326	0000000313	0700013178	0.0	000000000000000	39.0	000000003135963	2	000000021608903
0000000327	0000000314	0330468172	14.0	000000037498989	121.0	000000038047795	2	000000052971406
0000000328	0000000315	0700013178	1.0	000000000001594	29.0	000000001177259	2	000000022784568
0000000329	0000000316	0330468172	34.0	000000026100421	117.0	000000022389131	2	000000049260116
0000000330	0000000317	0700013178	0.0	000000000000000	46.0	000000003179992	2	000000025964560
0000000331	0000000318	0330468172	5.0	000000018618350	77.0	000000014962389	2	000000045604155
0000000332	0000000319	2314447398	6.0	000000000160984	1.0	000000000209380	2	000000006806067
0000000333	0000000320	2314447398	1.0	000000000095378	1.0	000000000116000	2	000000006826689
0000000334	0000000321	0330468172	14.0	000000009444803	46.0	000000007992323	2	000000044151675
0000000335	0000000322	0330468172	81.0	000000051124144	207.0	000000068505577	2	000000061533108
0000000336	0000000323	0700013178	0.0	000000000000000	18.0	000000001453661	2	000000027418221
0000000337	0000000324	0700013178	3.0	000000000073268	90.0	000000010426700	2	000000037771653
0000000338	0000000325	0330468172	11.0	000000026704610	65.0	000000013257802	2	000000048086300
0000000339	0000000326	0700013178	2.0	000000020006486	39.0	000000002206440	2	000000019971607
0000000340	0000000327	0700013178	0.0	000000000000000	19.0	000000001277369	2	000000021248976
0000000341	0000000328	0700013178	3.0	000000000033383	82.0	000000008827352	2	000000030042945
0000000342	0000000329	0330468172	12.0	000000069273152	39.0	000000063904462	2	000000042717610
0000000343	0000000330	0330468172	71.0	000000054714520	213.0	000000056124658	2	000000044127748
0000000344	0000000331	0700013178	0.0	000000000000000	11.0	000000000555056	2	000000030598001
0000000345	0000000332	0700013178	2.0	000000020045000	36.0	000000008450862	2	000000019003863
0000000346	0000000333	0330468172	42.0	000000021099472	145.0	000000024820932	2	000000047849208
0000000347	0000000334	2314447398	6.0	000000000411417	0.0	000000000000000	2	000000006415272
0000000348	0000000335	2314447398	3.0	000000000158076	0.0	000000000000000	2	000000006257196
0000000349	0000000336	2314447398	2.0	000000000024830	1.0	000000000055016	2	000000006287382
0000000350	0000000337	0700013178	2.0	000000000018717	47.0	000000001929082	2	000000020914228
0000000351	0000000338	0330468172	39.0	000000025494636	99.0	000000020067423	2	000000042421995
0000000352	0000000339	0330468172	68.0	000000025663324	160.0	000000026567515	2	000000043326186
0000000353	0000000340	0700013178	2.0	000000000047475	61.0	000000004623286	2	000000025490039
0000000354	0000000341	0330468172	25.0	000000023132039	81.0	000000013297504	2	000000033491651
0000000355	0000000342	0700013178	1.0	000000000010901	28.0	000000002358992	2	000000027838130
0000000356	0000000343	0330468172	34.0	000000020088898	100.0	000000045114247	2	000000058517000
0000000357	0000000344	0700013178	2.0	000000020122000	60.0	000000003939252	2	000000011655382
0000000358	0000000345	2314447398	4.0	000000000282994	0.0	000000000000000	2	000000006004388
0000000359	0000000346	2314447398	10.0	000000000197691	3.0	000000000248896	2	000000006055593
0000000362	0000000347	0330468172	42.0	000000095761462	175.0	000000090797470	2	000000053553008
0000000363	0000000348	0700013178	3.0	000000000225386	70.0	000000006610195	2	000000018040191
0000000364	0000000349	0330468172	69.0	000000052286102	246.0	000000043987071	2	000000045253977
0000000365	0000000350	0700013178	4.0	000000000106052	127.0	000000007987945	2	000000025922084
0000000366	0000000351	0330468172	8.0	000000008594019	34.0	000000008992833	2	000000045652791
0000000367	0000000352	0700013178	0.0	000000000000000	12.0	000000000605203	2	000000026527287
0000000368	0000000353	2314447398	4.0	000000000285582	6.0	000000000675030	2	000000006445041
0000000369	0000000354	0330468172	19.0	000000015245732	42.0	000000005210202	2	000000035617261
0000000370	0000000355	0700013178	0.0	000000000000000	29.0	000000001920515	2	000000028447802
0000000371	0000000356	0330468172	91.0	000000158816810	207.0	000000191019481	2	000000067819932
0000000374	0000000357	0700013178	3.0	000000000071998	73.0	000000010063911	2	000000038439715
0000000375	0000000358	2314447398	5.0	000000001384510	4.0	000000000518500	2	000000005579031
0000000376	0000000359	0330468172	75.0	000000030963527	158.0	000000039165770	2	000000076022175
0000000377	0000000360	0330468172	31.0	000000030119032	68.0	000000019616700	2	000000065519843
0000000378	0000000361	0700013178	3.0	000000000072969	69.0	000000005946215	2	000000044312961
0000000379	0000000362	2314447398	10.0	000000003447219	4.0	000000001983225	2	000000004115037
0000000380	0000000363	0330468172	107.0	000000125417977	256.0	000000109346848	2	000000049448714
0000000381	0000000364	0700013178	4.0	000000036594121	88.0	000000008575325	2	000000016294165
0000000382	0000000365	2314447398	4.0	000000000132757	5.0	000000000454300	2	000000004436580
0000000383	0000000366	0330468172	68.0	000000017494607	138.0	000000130273316	2	000000162227423
0000000384	0000000367	0700013178	0.0	000000000000000	29.0	000000001251767	2	000000017545932
0000000385	0000000368	0330468172	55.0	000000171306571	87.0	000000136288369	2	000000127209221
0000000386	0000000369	0330468172	28.0	000000050480711	45.0	000000013813296	2	000000090541806
0000000387	0000000370	0700013178	2.0	000000100004222	47.0	000000106505668	2	000000024047378
0000000388	0000000371	0700013178	0.0	000000000000000	16.0	000000000973512	2	000000025020890
0000000389	0000000372	0330468172	47.0	000000019081759	123.0	000000020002066	2	000000091462113
0000000390	0000000373	0700013178	2.0	000000020005819	43.0	000000024105833	2	000000029120904
0000000391	0000000374	2314447398	3.0	000000000275564	2.0	000000000504063	2	000000004665079
0000000392	0000000375	2314447398	8.0	000000000175202	1.0	000000000330400	2	000000004820277
0000000393	0000000376	0700013178	0.0	000000000000000	32.0	000000001488175	2	000000030609079
0000000394	0000000377	0330468172	30.0	000000030889820	87.0	000000015551427	2	000000076123720
0000000395	0000000378	0330468172	12.0	000000048397694	36.0	000000013436844	2	000000041162870
0000000400	0000000379	0330468172	26.0	000000005310959	42.0	000000008781427	2	000000044633338
0000000402	0000000380	0700013178	0.0	000000000000000	24.0	000000001111870	2	000000031720949
0000000403	0000000381	0330468172	23.0	000000010193924	60.0	000000011381232	2	000000045820646
0000000404	0000000382	0700013178	2.0	000000000050104	36.0	000000002275531	2	000000033946376
0000000405	0000000383	0330468172	21.0	000000028038147	44.0	000000015048095	2	000000032830594
0000000406	0000000384	2314447398	1.0	000000000097267	4.0	000000000463150	2	000000005186160
0000000407	0000000385	0700013178	0.0	000000000000000	24.0	000000001724248	2	000000035670624
0000000408	0000000386	0700013178	2.0	000000000009409	30.0	000000002075811	2	000000037737026
0000000409	0000000387	0330501112	18.0	000000000450152	4.0	000000000025265	2	000000005575113
0000000410	0000000388	0330501112	30.0	000000014779912	23.0	000000017805900	2	000000008601101
0000000411	0000000389	0330468172	72.0	000000054131405	197.0	000000048079604	2	000000026778793
0000000412	0000000390	0700013178	1.0	000000000007317	36.0	000000001596897	2	000000039326606
0000000413	0000000391	2314447398	4.0	000000000370548	3.0	000000000375830	2	000000005191442
0000000414	0000000392	0700013178	0.0	000000000000000	29.0	000000002798461	2	000000042125067
0000000415	0000000393	0700013178	2.0	000000015008347	31.0	000000004174998	2	000000031291718
0000000416	0000000394	0330468172	20.0	000000030174946	66.0	000000026291558	2	000000022895405
0000000417	0000000395	0330468172	65.0	000000039631741	172.0	000000048365310	2	000000031628974
0000000418	0000000396	0330501112	12.0	000000005261488	18.0	000000002159121	2	000000005498734
0000000419	0000000397	0330501112	39.0	000000011798528	29.0	000000014058302	2	000000007758508
0000000420	0000000398	0700013178	0.0	000000000000000	17.0	000000007646783	2	000000038938501
0000000421	0000000399	0330468172	35.0	000000016355891	82.0	000000011429660	2	000000026702743
0000000422	0000000400	0330501112	29.0	000000000285582	21.0	000000010111830	2	000000017584756
0000000423	0000000401	2314447398	2.0	000000000103061	0.0	000000000000000	2	000000005088381
0000000424	0000000402	2314447398	4.0	000000000136267	2.0	000000000430902	2	000000005383016
0000000425	0000000403	0330468172	42.0	000000014246771	71.0	000000016139198	2	000000028595170
0000000426	0000000404	0330468172	59.0	000000021017954	88.0	000000013600036	2	000000021177252
0000000427	0000000405	0700013178	3.0	000000000077403	83.0	000000007935098	2	000000046796196
0000000428	0000000406	0700061420	0.0	000000000000000	5.0	000000000072840	2	000000000072840
0000000429	0000000407	0330501112	10.0	000000016531687	9.0	000000001330610	2	000000002383679
0000000430	0000000408	0330501112	52.0	000000010244211	37.0	000000014507943	2	000000006647411
0000000431	0000000409	0330468172	20.0	000000011110241	55.0	000000110746056	2	000000120813067
0000000432	0000000410	0700013178	1.0	000000000011436	72.0	000000004425908	2	000000051210668
0000000433	0000000411	0330468172	28.0	000000112980135	68.0	000000013170040	2	000000021002972
0000000434	0000000412	0330468172	42.0	000000023614899	116.0	000000093110930	2	000000090499003
0000000435	0000000413	0700013178	1.0	000000000012726	83.0	000000006057723	2	000000057255665
0000000436	0000000414	0330468172	22.0	000000036854483	42.0	000000019524816	2	000000073169336
0000000437	0000000415	0330501112	54.0	000000020934375	35.0	000000015586309	2	000000001299345
0000000438	0000000416	2314447398	5.0	000000000196939	1.0	000000000171100	2	000000005357177
0000000439	0000000417	2314447398	7.0	000000000155612	0.0	000000000000000	2	000000005201565
0000000440	0000000418	0700013178	2.0	000000000364211	56.0	000000005730799	2	000000062622253
0000000442	0000000419	0330468172	40.0	000000024278246	78.0	000000013269753	2	000000062160843
0000000443	0000000420	0330501112	37.0	000000004211709	16.0	000000020375196	2	000000017462832
0000000444	0000000421	0330501112	23.0	000000015540778	13.0	000000006571626	2	000000008493680
0000000445	0000000422	0700061420	1.0	000000000019500	6.0	000000000122494	2	000000000175834
0000000446	0000000423	0330468172	18.0	000000010791746	36.0	000000013503785	2	000000064872882
0000000447	0000000424	0700013178	0.0	000000000000000	13.0	000000000475043	2	000000063097296
0000000448	0000000425	2314447398	4.0	000000000131392	0.0	000000000000000	2	000000005070173
0000000449	0000000426	0330468172	100.0	000000037185583	130.0	000000040555366	2	000000068242665
0000000452	0000000427	0700013178	1.0	000000000017642	43.0	000000002870809	2	000000065950463
0000000453	0000000428	0330501112	53.0	000000021271690	35.0	000000013962228	2	000000001184218
0000000454	0000000429	0330468172	79.0	000000074740838	179.0	000000035191650	2	000000028693477
0000000455	0000000430	0330468172	31.0	000000015901684	90.0	000000025056131	2	000000037847924
0000000456	0000000431	0700013178	2.0	000000025015763	44.0	000000002683483	2	000000043618183
0000000457	0000000432	0330501112	88.0	000000057161807	65.0	000000060475177	2	000000004497588
0000000458	0000000433	0330468172	25.0	000000026251437	71.0	000000012016903	2	000000023613390
0000000459	0000000434	0330501112	59.0	000000010814186	33.0	000000014936011	2	000000008619413
0000000460	0000000435	0700013178	1.0	000000000010333	60.0	000000007785275	2	000000051393125
0000000461	0000000436	0700061420	1.0	000000000088089	13.0	000000000478920	2	000000000566665
0000000462	0000000437	2314447398	8.0	000000001293189	4.0	000000001207550	2	000000004984534
0000000463	0000000438	2314447398	6.0	000000000146065	1.0	000000000377700	2	000000005216169
0000000464	0000000439	2314447398	1.0	000000000072136	1.0	000000000085550	2	000000005229583
0000000465	0000000440	0700061420	0.0	000000000000000	3.0	000000000204803	2	000000000771468
0000000466	0000000441	0700013178	2.0	000000000174406	44.0	000000003544829	2	000000054763548
0000000467	0000000442	0330468172	83.0	000000046911706	154.0	000000144411975	2	000000121113659
0000000468	0000000443	0330501112	46.0	000000011787441	37.0	000000011085376	2	000000007917348
0000000469	0000000444	0330468172	69.0	000000171036033	173.0	000000074146088	2	000000024223714
0000000470	0000000445	0700013178	1.0	000000000009947	59.0	000000005150014	2	000000059903615
0000000471	0000000446	2314447398	8.0	000000000224610	0.0	000000000000000	2	000000005004973
0000000472	0000000447	2314447398	3.0	000000000132091	0.0	000000000000000	2	000000004872882
0000000473	0000000448	0330501112	82.0	000000051982917	55.0	000000051983223	2	000000007917654
0000000475	0000000449	0700061420	1.0	000000000000013	3.0	000000000105956	2	000000000877411
0000000476	0000000450	0330468172	38.0	000000028870696	85.0	000000017000960	2	000000012353978
0000000479	0000000451	0330468172	26.0	000000021714771	72.0	000000028278547	2	000000018917754
0000000480	0000000452	2314447398	3.0	000000000116511	2.0	000000000132750	2	000000004889121
0000000481	0000000453	0700013178	4.0	000000063171120	54.0	000000012256508	2	000000008989003
0000000482	0000000454	0700061420	1.0	000000000000015	2.0	000000000034072	2	000000000911468
0000000483	0000000455	0330501112	108.0	000000032570252	76.0	000000032298239	2	000000007645641
0000000484	0000000456	0330468172	95.0	000000046639506	192.0	000000063581178	2	000000035859426
0000000485	0000000457	0700061420	1.0	000000000000016	2.0	000000000035389	2	000000000946841
0000000486	0000000458	0700013178	3.0	000000020001492	49.0	000000024036693	2	000000013024204
0000000487	0000000459	0330468172	44.0	000000048143663	143.0	000000028654908	2	000000016370671
0000000488	0000000460	0330468172	3.0	000000007113708	16.0	000000001888421	2	000000011145384
0000000489	0000000461	0700013178	2.0	000000020001534	54.0	000000023186928	2	000000016209598
0000000490	0000000462	0700061420	1.0	000000000000017	1.0	000000000000080	2	000000000946904
0000000491	0000000463	0330501112	35.0	000000009696089	28.0	000000011403739	2	000000009353291
0000000492	0000000464	0330468172	49.0	000000010191728	71.0	000000021202581	2	000000022156237
0000000493	0000000465	0330501112	41.0	000000007555484	32.0	000000009860193	2	000000011658000
0000000494	0000000466	2314447398	8.0	000000000436155	1.0	000000000059590	2	000000004512556
0000000495	0000000467	2314447398	2.0	000000000076858	0.0	000000000000000	2	000000004435698
0000000496	0000000468	2314447398	1.0	000000000072136	0.0	000000000000000	2	000000004363562
0000000497	0000000469	0700061420	1.0	000000000000017	3.0	000000000023594	2	000000000970481
0000000498	0000000470	0700013178	2.0	000000013001581	40.0	000000002302614	2	000000005510631
0000000499	0000000471	0330468172	20.0	000000005863630	34.0	000000005812182	2	000000022104789
0000000500	0000000472	0330468172	89.0	000000062828063	108.0	000000057783293	2	000000017060019
0000000501	0000000473	0330501112	4.0	000000005193253	0.0	000000000000000	2	000000006464747
0000000502	0000000474	0330501112	49.0	000000009396983	30.0	000000009318710	2	000000006386474
0000000503	0000000475	0700061420	2.0	000000000100017	4.0	000000000197445	2	000000001067909
0000000504	0000000476	2314447398	5.0	000000000186103	1.0	000000000085550	2	000000004263009
0000000505	0000000477	0700013178	3.0	000000000128452	37.0	000000001722888	2	000000007105067
0000000506	0000000478	0330468172	85.0	000000121419838	124.0	000000121131903	2	000000016772084
0000000507	0000000479	0330501112	48.0	000000010210954	32.0	000000009846681	2	000000006022201
0000000508	0000000480	0700013178	1.0	000000000000409	55.0	000000003414171	2	000000010518829
0000000509	0000000481	0700061420	1.0	000000000000018	1.0	000000000000088	2	000000001067979
0000000510	0000000482	0330468172	84.0	000000020405134	141.0	000000017009700	2	000000013376650
0000000512	0000000483	0700013178	1.0	000000000000431	33.0	000000001756728	2	000000012275126
0000000513	0000000484	0330501112	31.0	000000004959767	26.0	000000010945751	2	000000012008185
0000000514	0000000485	0700013178	0.0	000000000000000	7.0	000000000590109	2	000000012865235
0000000519	0000000486	0330501112	11.0	000000003146763	3.0	000000000127561	2	000000008988983
0000000520	0000000487	0330468172	24.0	000000004544852	19.0	000000003982401	2	000000012814199
0000000521	0000000488	2314447398	10.0	000000000163938	0.0	000000000000000	2	000000004099071
0000000522	0000000489	2314447398	2.0	000000000085638	0.0	000000000000000	2	000000004013433
0000000523	0000000490	0700013178	2.0	000000000001925	36.0	000000002462782	2	000000015326092
0000000524	0000000491	0330468172	152.0	000000037863671	125.0	000000032074404	2	000000007024932
0000000525	0000000492	0700013178	3.0	000000030000631	27.0	000000022205370	2	000000007530831
0000000526	0000000493	0330468172	108.0	000000019889194	115.0	000000026621336	2	000000013757074
0000000527	0000000494	0700061420	1.0	000000000000018	1.0	000000000000088	2	000000001068049
0000000528	0000000495	0700061420	2.0	000000000000038	4.0	000000000138182	2	000000001206193
0000000529	0000000496	0330501112	146.0	000000075868015	93.0	000000068936011	2	000000002056979
0000000530	0000000497	0330468172	71.0	000000012342265	99.0	000000019629358	2	000000021044167
0000000531	0000000498	0330501112	62.0	000000007200688	36.0	000000013205324	2	000000008061615
0000000532	0000000499	0700061420	1.0	000000000000019	3.0	000000000066334	2	000000001272508
0000000534	0000000500	0700013178	1.0	000000000000222	29.0	000000001545694	2	000000009076303
0000000535	0000000501	0330468172	17.0	000000013618194	22.0	000000002743555	2	000000010169528
0000000536	0000000502	2314447398	15.0	000000000604190	3.0	000000000726250	2	000000004135493
0000000537	0000000503	0330468172	119.0	000000058491765	132.0	000000059543469	2	000000011221232
0000000538	0000000504	0330501112	52.0	000000011294805	47.0	000000012390087	2	000000009156897
0000000539	0000000505	0700061420	1.0	000000000000023	2.0	000000000164710	2	000000001437195
0000000541	0000000506	0700013178	1.0	000000000000331	28.0	000000001295497	2	000000010371469
0000000542	0000000507	0330468172	97.0	000000118421772	141.0	000000222083610	2	000000114883070
0000000543	0000000508	0330501112	71.0	000000051785508	52.0	000000047962289	2	000000005333678
0000000544	0000000509	0700013178	1.0	000000000000408	40.0	000000002029853	2	000000012400914
0000000545	0000000510	0700061420	1.0	000000000000025	6.0	000000000326590	2	000000001763760
0000000546	0000000511	2314447398	3.0	000000000221053	0.0	000000000000000	2	000000003914440
0000000547	0000000512	2314447398	8.0	000000000387726	0.0	000000000000000	2	000000003526714
0000000550	0000000513	2314447398	10.0	000000000116026	0.0	000000000000000	2	000000003410688
0000000551	0000000514	0330468172	78.0	000000012170391	103.0	000000011886177	2	000000114598856
0000000552	0000000515	0700013178	2.0	000000000022328	40.0	000000021639834	2	000000034018420
0000000553	0000000516	0700061420	1.0	000000000000031	3.0	000000000120146	2	000000001883875
0000000554	0000000517	0330501112	50.0	000000006911906	38.0	000000012287766	2	000000010709538
0000000555	0000000518	0330501112	44.0	000000013545113	29.0	000000022628245	2	000000019792670
0000000556	0000000519	0330501112	19.0	000000014851912	14.0	000000001521797	2	000000006462555
0000000557	0000000520	0330468172	129.0	000000124386464	124.0	000000016976829	2	000000007189221
0000000558	0000000521	0700013178	5.0	000000030036238	59.0	000000002918479	2	000000006900661
0000000559	0000000522	0700061420	1.0	000000000000033	4.0	000000000158702	2	000000002042544
0000000560	0000000523	0700013178	2.0	000000005000337	28.0	000000001013715	2	000000002914039
0000000561	0000000524	0330468172	74.0	000000093300052	87.0	000000095818243	2	000000009707412
0000000569	0000000526	0700061420	1.0	000000000000037	2.0	000000000210174	2	000000002252681
0000000570	0000000527	0330501112	72.0	000000009844268	58.0	000000018020323	2	000000014638610
0000000571	0000000528	0330468172	85.0	000000019893620	94.0	000000017079990	2	000000006893782
0000000572	0000000529	0330501112	15.0	000000011782615	12.0	000000000869262	2	000000003725257
0000000573	0000000530	2314447398	8.0	000000000585082	3.0	000000000726250	2	000000003551856
0000000574	0000000531	2314447398	1.0	000000000070037	0.0	000000000000000	2	000000003481819
0000000575	0000000532	2314447398	6.0	000000000143493	0.0	000000000000000	2	000000003338326
0000000576	0000000533	0700061420	1.0	000000000000040	3.0	000000000084345	2	000000002336986
0000000577	0000000534	0700013178	2.0	000000000000113	40.0	000000001995286	2	000000004909212
0000000578	0000000535	0330468172	121.0	000000021028489	112.0	000000020935292	2	000000006800585
0000000579	0000000536	0700013178	2.0	000000004000180	43.0	000000002452450	2	000000003361482
0000000580	0000000537	0330501112	56.0	000000006934444	37.0	000000010707747	2	000000007498560
0000000581	0000000538	0700061420	1.0	000000000000040	2.0	000000000015032	2	000000002351978
0000000582	0000000539	0330501112	49.0	000000013110673	34.0	000000010076891	2	000000004464778
0000000583	0000000540	0700061420	1.0	000000000000042	3.0	000000000024243	2	000000002376179
0000000584	0000000541	0700013178	1.0	000000000000161	59.0	000000002151274	2	000000005512595
0000000586	0000000542	0330468172	77.0	000000011589962	129.0	000000011307300	2	000000006517923
0000000587	0000000543	0330468172	94.0	000000018555826	111.0	000000017063707	2	000000005025804
0000000588	0000000544	0700013178	3.0	000000004628448	27.0	000000001826425	2	000000002710572
0000000589	0000000545	0330501112	42.0	000000004446719	39.0	000000016456805	2	000000016474864
0000000590	0000000546	2314447398	3.0	000000000188156	0.0	000000000000000	2	000000003150170
0000000591	0000000547	2314447398	0.0	000000000000000	0.0	000000000000000	2	000000002960059
0000000592	0000000548	2314447398	14.0	000000000302631	0.0	000000000000000	2	000000002847539
0000000593	0000000549	0700061420	1.0	000000000000041	4.0	000000000109478	2	000000002485616
0000000594	0000000550	0700013178	2.0	000000004500110	33.0	000000004065076	2	000000002275538
0000000595	0000000551	0330468172	135.0	000000023846540	101.0	000000033602765	2	000000014782029
0000000596	0000000552	0700061420	1.0	000000000000044	3.0	000000000079509	2	000000002565081
0000000597	0000000553	0330501112	48.0	000000021728176	41.0	000000011187933	2	000000005934621
0000000598	0000000554	0330468172	98.0	000000028196106	97.0	000000017723603	2	000000004309526
0000000599	0000000555	0330501112	85.0	000000048278430	41.0	000000045559885	2	000000003216076
0000000600	0000000556	0700013178	5.0	000000003569009	34.0	000000002118895	2	000000000825424
0000000601	0000000557	0330468172	90.0	000000014010630	102.0	000000019483110	2	000000009782006
0000000602	0000000558	0700061420	1.0	000000000000046	4.0	000000000193926	2	000000002758961
0000000603	0000000559	0330501112	59.0	000000021397226	43.0	000000022772060	2	000000004590910
0000000604	0000000560	0700013178	1.0	000000000000085	29.0	000000001330410	2	000000002155749
0000000605	0000000561	2314447398	3.0	000000000325754	2.0	000000000654950	2	000000003176735
0000000606	0000000562	2314447398	6.0	000000000139265	0.0	000000000000000	2	000000003037470
0000000607	0000000563	2314447398	2.0	000000000349448	2.0	000000000279411	2	000000002967433
0000000608	0000000564	0330468172	53.0	000000014497321	42.0	000000008697779	2	000000003982464
0000000609	0000000565	0330468172	55.0	000000009292605	56.0	000000016194325	2	000000010884184
0000000610	0000000566	0700013178	3.0	000000022600117	39.0	000000021421947	2	000000000977579
0000000611	0000000567	0330468172	99.0	000000055951013	83.0	000000048820653	2	000000003753824
0000000613	0000000568	0700013178	2.0	000000000072342	37.0	000000000967514	2	000000001872751
0000000614	0000000569	0330468172	16.0	000000002295709	30.0	000000012802482	2	000000014260597
0000000615	0000000570	0700061420	2.0	000000002000044	3.0	000000000065787	2	000000000824704
0000000616	0000000571	0700061420	1.0	000000000000030	4.0	000000000066792	2	000000000891466
0000000617	0000000572	0700061420	1.0	000000000000016	5.0	000000000226034	2	000000001117484
0000000618	0000000573	0330501112	47.0	000000013741876	45.0	000000018472661	2	000000009321695
0000000619	0000000574	0330501112	71.0	000000040602022	50.0	000000037208190	2	000000005927863
0000000620	0000000575	2314447398	14.0	000000000589128	2.0	000000000262090	2	000000002640395
0000000621	0000000576	2314447398	5.0	000000000156060	2.0	000000000000827	2	000000002485162
0000000622	0000000577	2314447398	1.0	000000000070037	0.0	000000000000000	2	000000002415125
0000000623	0000000578	0330468172	73.0	000000112567158	71.0	000000111341076	2	000000013034515
0000000624	0000000579	0700013178	5.0	000000000138433	44.0	000000002148637	2	000000003882955
0000000625	0000000580	0330468172	113.0	000000024755363	121.0	000000016656384	2	000000004935536
0000000626	0000000581	0700013178	2.0	000000000016690	36.0	000000001505268	2	000000005371533
0000000627	0000000582	0330501112	46.0	000000004695747	36.0	000000011830677	2	000000013062793
0000000628	0000000583	0330501112	56.0	000000026909481	43.0	000000027051032	2	000000013204344
0000000629	0000000584	0700061420	1.0	000000000000019	4.0	000000000289290	2	000000001406755
0000000630	0000000585	0700061420	0.0	000000000000000	3.0	000000000098500	2	000000001505255
0000000631	0000000586	2314447398	7.0	000000000431866	2.0	000000000778850	2	000000002762109
0000000632	0000000587	2314447398	1.0	000000000070037	0.0	000000000000000	2	000000002692072
0000000633	0000000588	0330468172	77.0	000000106982025	69.0	000000107333083	2	000000005286594
0000000634	0000000589	0700013178	4.0	000000025325180	14.0	000000025613311	2	000000005659664
0000000635	0000000590	2314447398	4.0	000000000144881	1.0	000000000106200	2	000000002653391
0000000636	0000000591	0330468172	146.0	000000039847006	164.0	000000048335866	2	000000013775454
0000000637	0000000592	0330501112	99.0	000000017385129	81.0	000000024403069	2	000000020222284
0000000638	0000000593	0330817907	0.0	000000000000000	17.0	000000001945495	2	000000004110570
0000000639	0000000594	0330468172	122.0	000000016785141	140.0	000000009653091	2	000000006643404
0000000640	0000000595	2314447398	5.0	000000000243816	0.0	000000000000000	2	000000002409575
0000000641	0000000596	2314447398	2.0	000000000028313	0.0	000000000000000	2	000000002381262
0000000642	0000000597	0330817907	3.0	000000006094998	69.0	000000003315676	2	000000001331248
0000000643	0000000598	0330468172	105.0	000000015513438	101.0	000000013837830	2	000000004967796
0000000644	0000000599	0330468172	10.0	000000002658292	9.0	000000001097611	2	000000003407115
0000000645	0000000600	0330817907	0.0	000000000000000	1.0	000000000000416	2	000000001331664
0000000646	0000000601	0330501112	91.0	000000017941560	77.0	000000018014816	2	000000020295540
0000000647	0000000602	2314447398	10.0	000000000322979	0.0	000000000000000	2	000000002058283
0000000648	0000000603	0330468172	12.0	000000002830672	13.0	000000002240985	2	000000002817428
0000000649	0000000604	0330817907	1.0	000000001300000	2.0	000000000130000	2	000000000161664
0000000650	0000000605	0330468172	154.0	000000025436385	132.0	000000030480435	2	000000007861478
0000000651	0000000606	0330817907	3.0	000000000086596	25.0	000000000524350	2	000000000599418
0000000652	0000000607	0330501112	6.0	000000000050455	4.0	000000001385557	2	000000021630642
0000000653	0000000608	0330501112	64.0	000000020292545	55.0	000000035064418	2	000000036402515
0000000654	0000000609	0330468172	109.0	000000014228598	73.0	000000016509150	2	000000010142030
0000000655	0000000610	0330817907	2.0	000000000053632	34.0	000000002051857	2	000000002597643
0000000656	0000000611	0330501112	11.0	000000023855971	13.0	000000005670135	2	000000018216679
0000000657	0000000612	2314447398	4.0	000000000348931	3.0	000000000772700	2	000000002482052
0000000658	0000000613	2314447398	2.0	000000000287837	1.0	000000000044000	2	000000002238215
0000000659	0000000614	0330468172	102.0	000000223205116	75.0	000000280412032	2	000000067348946
0000000660	0000000615	0330817907	0.0	000000000000000	21.0	000000001134189	2	000000003731832
0000000661	0000000616	0330501112	22.0	000000005612841	21.0	000000003498347	2	000000016102185
0000000662	0000000617	2314447398	4.0	000000000106363	0.0	000000000000000	2	000000002131852
0000000663	0000000618	0330468172	100.0	000000065739690	90.0	000000015538704	2	000000017147960
0000000664	0000000619	0330817907	1.0	000000000000206	17.0	000000000410056	2	000000004141682
0000000665	0000000620	0330501112	38.0	000000005982273	43.0	000000033510906	2	000000043630818
0000000666	0000000621	0330468172	91.0	000000014166593	112.0	000000010564861	2	000000013546228
0000000667	0000000622	0330817907	2.0	000000000037648	27.0	000000010825111	2	000000014929145
0000000668	0000000623	0330501112	25.0	000000029111159	23.0	000000001339985	2	000000015859644
0000000669	0000000624	0330468172	68.0	000000013849118	62.0	000000016713565	2	000000016410675
0000000670	0000000625	0330817907	2.0	000000012000021	16.0	000000001132617	2	000000004061741
0000000671	0000000626	0330501112	17.0	000000005498447	13.0	000000006045279	2	000000016406476
0000000673	0000000627	2314447398	5.0	000000000165906	0.0	000000000000000	2	000000001965946
0000000674	0000000628	2314447398	9.0	000000000281820	0.0	000000000000000	2	000000001684126
0000000675	0000000629	0330468172	39.0	000000007198468	42.0	000000009113187	2	000000018325394
0000000676	0000000630	0330817907	1.0	000000000000146	13.0	000000000732023	2	000000004793618
0000000677	0000000631	0330501112	6.0	000000000130334	6.0	000000002846800	2	000000019122942
0000000678	0000000632	2314447398	1.0	000000000071442	0.0	000000000000000	2	000000001612684
0000000679	0000000633	0330468172	86.0	000000010660759	80.0	000000009387673	2	000000017052308
0000000680	0000000634	0330817907	0.0	000000000000000	18.0	000000001101951	2	000000005895569
0000000681	0000000635	0330468172	17.0	000000004520675	15.0	000000002414257	2	000000014945890
0000000682	0000000636	0330817907	0.0	000000000000000	4.0	000000000501888	2	000000006397457
0000000683	0000000637	0330501112	13.0	000000005408776	11.0	000000005336086	2	000000019050252
0000000684	0000000638	0330817907	2.0	000000000007674	22.0	000000000685698	2	000000007075481
0000000685	0000000639	0330468172	65.0	000000009953184	62.0	000000004703336	2	000000009696042
0000000686	0000000640	0330501112	18.0	000000005900575	12.0	000000005390999	2	000000018540676
0000000687	0000000641	0330817907	0.0	000000000000000	9.0	000000000157263	2	000000007232744
0000000688	0000000642	0330468172	74.0	000000008407636	61.0	000000005430423	2	000000006718829
0000000689	0000000643	0330501112	15.0	000000005293469	11.0	000000005399932	2	000000018647139
0000000690	0000000644	0330468172	28.0	000000004589538	24.0	000000006534117	2	000000008663408
0000000691	0000000645	0330817907	1.0	000000004000000	14.0	000000000235265	2	000000003468009
0000000692	0000000646	0330501112	4.0	000000000047332	3.0	000000000021310	2	000000018621117
0000000693	0000000647	0330468172	89.0	000000012791470	84.0	000000010656851	2	000000006528789
0000000694	0000000648	0330817907	0.0	000000000000000	30.0	000000001459256	2	000000004927265
0000000695	0000000649	0330501112	19.0	000000005359739	17.0	000000005292401	2	000000018553779
0000000696	0000000650	2314447398	5.0	000000000224912	3.0	000000000772700	2	000000002160472
0000000697	0000000651	2314447398	0.0	000000000000000	0.0	000000000000000	2	000000001805300
0000000698	0000000652	2314447398	3.0	000000000164420	0.0	000000000000000	2	000000001996052
0000000699	0000000653	2314447398	2.0	000000000116510	0.0	000000000000000	2	000000001879542
0000000700	0000000654	0330501112	26.0	000000010394025	15.0	000000010434517	2	000000018594271
0000000701	0000000655	2314447398	5.0	000000000171089	0.0	000000000000000	2	000000001708453
0000000702	0000000656	0330468172	187.0	000000027549725	175.0	000000036234084	2	000000015213148
0000000703	0000000657	0330817907	4.0	000000006260151	60.0	000000003892157	2	000000002559271
0000000704	0000000658	0330501112	8.0	000000000185134	7.0	000000000190796	2	000000018599933
0000000705	0000000659	0330817907	0.0	000000000000000	1.0	000000000025410	2	000000002584681
0000000706	0000000660	0330468172	17.0	000000008891842	20.0	000000001301375	2	000000007622681
0000000707	0000000661	0330468172	141.0	000000031545232	90.0	000000027321067	2	000000003398516
0000000708	0000000662	0330817907	2.0	000000000000477	28.0	000000001499846	2	000000004084050
0000000711	0000000663	0330501112	1.0	000000000012009	2.0	000000000341611	2	000000018929535
0000000712	0000000664	0330501112	40.0	000000011745678	29.0	000000022194824	2	000000029378681
0000000713	0000000665	0330468172	78.0	000000014680547	71.0	000000014783101	2	000000003501070
0000000714	0000000666	0330817907	1.0	000000004000000	20.0	000000023059618	2	000000023143668
0000000715	0000000667	0330501112	4.0	000000022263018	9.0	000000000462026	2	000000007577689
0000000716	0000000668	2314447398	2.0	000000000009532	0.0	000000000000000	2	000000001698921
0000000717	0000000669	2314447398	5.0	000000000211309	1.0	000000000566900	2	000000002054512
0000000718	0000000670	2314447398	2.0	000000000079290	0.0	000000000000000	2	000000001975222
0000000719	0000000671	0330468172	120.0	000000010904493	93.0	000000023049032	2	000000015645609
0000000720	0000000672	0330817907	1.0	000000010000000	28.0	000000001385635	2	000000014529303
0000000721	0000000673	0330501112	13.0	000000000175466	11.0	000000003653730	2	000000011055953
0000000722	0000000674	0330501112	9.0	000000000197534	16.0	000000000695212	2	000000011553631
0000000723	0000000675	0330468172	143.0	000000023895713	102.0	000000013467679	2	000000005217575
0000000727	0000000676	0330817907	2.0	000000005000416	42.0	000000002863833	2	000000012392720
0000000728	0000000677	2314447398	5.0	000000000703811	0.0	000000000000000	2	000000001271411
0000000729	0000000678	2314447398	7.0	000000000266847	3.0	000000000772700	2	000000001777264
0000000730	0000000679	0330817907	0.0	000000000000000	5.0	000000000525639	2	000000012918359
0000000731	0000000680	0330468172	64.0	000000006003374	68.0	000000005285490	2	000000004499691
0000000732	0000000681	0330501112	26.0	000000022803213	23.0	000000022052790	2	000000010803208
0000000733	0000000682	0330468172	11.0	000000001552623	8.0	000000000765549	2	000000003712617
0000000734	0000000683	0330468172	99.0	000000024309031	90.0	000000025177769	2	000000004581355
0000000737	0000000684	0330501112	17.0	000000000197424	15.0	000000003760590	2	000000014366374
0000000738	0000000685	0330817907	0.0	000000000000000	3.0	000000020944245	2	000000033862604
0000000739	0000000686	0330817907	2.0	000000016200416	26.0	000000001486532	2	000000019148720
0000000740	0000000687	2314447398	2.0	000000000075160	0.0	000000000000000	2	000000001702104
0000000741	0000000688	2314447398	5.0	000000000174340	3.0	000000000001935	2	000000001529699
0000000742	0000000689	0330501112	13.0	000000000299430	10.0	000000000342292	2	000000014409236
0000000743	0000000690	0330468172	128.0	000000020802937	105.0	000000023286200	2	000000007064618
0000000744	0000000691	0330817907	2.0	000000006000416	18.0	000000000802960	2	000000013951264
0000000745	0000000692	2314447398	5.0	000000000161526	2.0	000000000567545	2	000000001935718
0000000746	0000000693	2314447398	2.0	000000000081440	0.0	000000000000000	2	000000001854278
0000000747	0000000694	0330468172	68.0	000000006970105	70.0	000000005262790	2	000000005357303
0000000748	0000000695	0330817907	1.0	000000000000416	13.0	000000000372112	2	000000014322960
0000000749	0000000696	0330501112	6.0	000000000067174	4.0	000000000200464	2	000000014542526
0000000750	0000000697	2314447398	2.0	000000000086185	4.0	000000000207090	2	000000001975183
0000000751	0000000698	0330468172	94.0	000000008969600	95.0	000000012207990	2	000000008595693
0000000752	0000000699	0330817907	3.0	000000004470581	16.0	000000000698821	2	000000010551200
0000000753	0000000700	0330501112	12.0	000000000070928	8.0	000000000180873	2	000000014652471
0000000754	0000000701	2314447398	4.0	000000000129156	2.0	000000000001290	2	000000001847317
0000000755	0000000702	0330468172	94.0	000000014473917	80.0	000000012451176	2	000000006572952
0000000756	0000000703	0330817907	1.0	000000000000416	25.0	000000001330446	2	000000011881230
0000000758	0000000704	0330817907	2.0	000000010000416	40.0	000000003313884	2	000000005194698
0000000759	0000000705	0330468172	96.0	000000011333555	95.0	000000018195235	2	000000013434632
0000000760	0000000706	2314447398	5.0	000000000107115	1.0	000000000000645	2	000000001740847
0000000761	0000000707	0330501112	15.0	000000000178227	9.0	000000000168050	2	000000014642294
0000000762	0000000708	0330501112	8.0	000000000082117	7.0	000000000314327	2	000000014874504
0000000763	0000000709	2314447398	5.0	000000000185515	2.0	000000000001290	2	000000001556622
0000000764	0000000710	0330468172	89.0	000000114116766	72.0	000000119424907	2	000000018742773
0000000768	0000000711	0330501112	7.0	000000000098918	10.0	000000000285397	2	000000015060983
0000000771	0000000712	0330817907	2.0	000000000108335	34.0	000000002616140	2	000000007702503
0000000773	0000000713	0330468172	89.0	000000114116766	72.0	000000119424907	2	000000018742773
0000000774	0000000714	0330468172	118.0	000000014385757	83.0	000000026768740	2	000000031125756
0000000775	0000000715	0330817907	1.0	000000000000416	10.0	000000000343604	2	000000008045691
0000000776	0000000716	0330501112	8.0	000000005986651	13.0	000000000519528	2	000000009593860
0000000777	0000000717	2314447398	4.0	000000000106873	2.0	000000000001300	2	000000002051002
0000000786	0000000718	0330817907	1.0	000000000000416	17.0	000000000780669	2	000000008825944
0000000787	0000000719	0330468172	106.0	000000025989603	87.0	000000013799924	2	000000018936077
0000000788	0000000720	0330501112	35.0	000000022331623	23.0	000000021626233	2	000000008888470
0000000789	0000000721	2314447398	1.0	000000000074850	1.0	000000000000650	2	000000001976802
0000000790	0000000722	0330501112	13.0	000000000118104	12.0	000000003561005	2	000000012331371
0000000791	0000000723	0330817907	1.0	000000000000416	19.0	000000000773513	2	000000009599041
0000000792	0000000724	0330468172	95.0	000000019042850	82.0	000000016056612	2	000000015949839
