12	GTOS      	1174529.02		01	2003
00	129       	-215519.10999999999		01	2003
12	GTOS      	846900.87		01	2004
00	129       	-185268.38		01	2004
12	GTOS      	871590.06000000006		01	2005
00	129       	-356366.72999999998		01	2005
12	GTOS      	45127.82		02	2005
00	129       	-16082.190000000001		02	2005
06	GTOS      	343991.53000000003		01	2005
06	GTOS      	29332.119999999999		02	2005
12	129       	-552666.41000000003		01	2005
12	129       	-194088.29999999999		01	2004
09	GTOS      	871590.06000000006		01	2005
09	GTOS      	846900.87		01	2004
06	GTOS      	789019.56000000006		01	2004
12	GTOS      	960527.78000000003		01	2006
00	129       	-744393.81000000006		01	2006
12	GTOS      	47774.860000000001		02	2006
00	129       	-13386.200000000001		02	2006
01	GTOS      	76788.970000000001		01	2006
06	GTOS      	960527.78000000003		01	2006
06	129       	-135785.67999999999		01	2006
06	129       	-356366.72999999998		01	2005
09	GTOS      	960527.78000000003		01	2006
11	GTOS      	624535.04000000004		01	2006
11	GTOS      	871590.06000000006		01	2005
12	GTOS      	972793.08999999997		01	2007
00	129       	-687938.37999998068		01	2007
06	GTOS      	972793.08999999997		01	2007
09	GTOS      	521597.87		01	2007
12	GTOS      	60317.68		02	2007
00	129       	-772.71000000002869		02	2007
12	GTOS      	544178.35999999999		01	2008
00	129       	-324512.50000001822		01	2008
01	GTOS      	79819.830000000002		01	2007
06	GTOS      	403109.87		01	2008
08	GTOS      	466889.38		01	2007
08	GTOS      	960527.78000000003		01	2006
12	GTOS      	22366.139999999999		02	2008
12	129       	-6344.2099999999973		02	2008
12	129       	-772.71000000002869		02	2007
09	IMAI      	509267.78000000003		01	2008
9 	129       	-509459.78000000003		01	2008
9 	APYG      	-509459.78000000003		01	2008
12	IMAI      	708752.25		01	2007
12	129       	-687938.37999998068		01	2007
12	APYG      	0.0		01	2007
09	APYG      	509459.78000000003		01	2008
12	IMAI      	349034.90000000002		01	2008
12	129       	-324512.5		01	2008
12	APYG      	324512.5		01	2008
12	APNN      	555947.94999999995		01	2008
12	APNN      	687938.37999998068		01	2007
10	IMAI      	496839.47999999998		01	2008
10	129       	-497031.48000000021		01	2008
10	APYG      	-497031.48000000021		01	2008
10	IMAI      	961945.28000000003		01	2007
10	129       	-964865.27999999002		01	2007
10	APYG      	-964865.27999999002		01	2007
12	IMAI      	6344.21		02	2008
12	APYG      	6344.21		02	2008
12	IMAI      	772.71000000000004		02	2007
12	APYG      	0.0		02	2007
00	IMAI      	-194002.75		01	2009
00	129       	-174954.23000001651		01	2009
00	APYG      	174954.23000001651		01	2009
00	IMAI      	-349034.90000000002		01	2008
00	APYG      	324512.50000001822		01	2008
00	GTOS      	1145383.2		01	2008
00	GTOS      	972793.08999999997		01	2007
00	IMAI      	708752.25		01	2007
00	APYG      	0.0		01	2007
00	IMAI      	6344.21		02	2008
00	129       	-6344.2099999999973		02	2008
00	APYG      	6344.21		02	2008
00	IMAI      	772.71000000000004		02	2007
00	APYG      	0.0		02	2007
00	APNN      	324512.50000001822		01	2008
00	APNN      	687938.37999998068		01	2007
00	GTOS      	51637.349999999999		02	2008
00	GTOS      	60317.68		02	2007
00	IMAI      	244597.54999999999		01	2010
00	129       	-227700.95999999429		01	2010
00	APYG      	0.0		01	2010
00	IMAI      	-6580.9399999999996		02	2009
00	129       	6580.9399999999914		02	2009
00	APYG      	6580.9399999999914		02	2009
00	GTOS      	971696.44999999995		01	2009
00	APNN      	174954.23000000001		01	2009
00	APNN      	174954.23000000001		02	2009
00	APNN      	324512.50000001822		02	2008
00	GTOS      	64596.07		02	2009
00	GTOS      	47774.860000000001		02	2006
00	IMAI      	-1509.8		02	2010
00	129       	1509.8000000000029		02	2010
00	APYG      	0.0		02	2010
00	IMAI      	-190.53		03	2010
00	129       	190.53		03	2010
00	APYG      	190.53		03	2010
00	APYG      	0.0		03	2009
00	IMAI      	197727.85999999999		01	2011
00	129       	-157293.55000000031		01	2011
00	APYG      	0.0		01	2011
00	IMAI      	2177.0100000000002		03	2011
00	129       	-2131.4100000000049		03	2011
00	APYG      	0.0		03	2011
00	IMAI      	-5997.5		02	2011
00	129       	5997.4999999999754		02	2011
00	APYG      	0.0		02	2011
00	IMAI      	71355.559999999998		01	2012
00	129       	-31458.779999999559		01	2012
00	APYG      	-31458.779999999559		01	2012
00	GTOS      	11532.17		03	2011
00	GTOS      	190.53		03	2010
00	GTOS      	62093.269999999997		03	2012
00	129       	-3473.6200000000022		03	2012
00	GTOS      	50324.540000000001		02	2011
00	GTOS      	40874.800000000003		02	2010
00	IMAI      	4641.2799999999997		03	2012
00	APYG      	3473.6199999999999		03	2012
00	IMAI      	-9082.9200000000001		02	2012
00	129       	9082.9200000000092		02	2012
00	APYG      	0.0		02	2012
00	APNN      	-9082.9200000000092		02	2012
00	APNN      	-5997.4999999999754		02	2011
00	APNN      	31458.779999999999		01	2012
00	APNN      	157293.5500000004		01	2011
00	APNN      	3473.6199999999999		03	2012
00	APNN      	2131.4099999999999		03	2011
00	IMAI      	-87333.199999999997		01	2013
00	129       	114039.67999999999		01	2013
00	APYG      	114039.67999999999		01	2013
00	IMAI      	2794.8200000000002		03	2013
00	129       	-2066.31000000004		03	2013
00	APYG      	0.0		03	2013
00	IMAI      	-10996.709999999999		02	2013
00	129       	10996.709999999999		02	2013
00	APYG      	0.0		02	2013
00	APNN      	-4873.0900000000001		02	2013
00	GTOS      	770834.83999999997		01	2013
00	GTOS      	843347.56999999995		01	2012
00	IMAI      	21546.25		03	2014
00	129       	-16144.690000000041		03	2014
00	APYG      	0.0		03	2014
00	IMAI      	133333.88		01	2014
00	129       	143433.06		01	2014
00	APYG      	-143433.06		01	2014
00	GTOS      	85168.699999999997		03	2014
00	GTOS      	74889.490000000005		03	2013
00	IMAI      	32161.07		01	2015
00	129       	45213.269999999953		01	2015
00	APYG      	-45213.269999999953		01	2015
00	IMAI      	-7973.29		02	2014
00	129       	7973.2900000000118		02	2014
00	APYG      	0.0		02	2014
00	GTOS      	25674.290000000001		02	2014
00	GTOS      	25521.709999999999		02	2013
00	IMAI      	3182.3400000000001		03	2015
00	129       	-2386.7500000000032		03	2015
00	APYG      	0.0		03	2015
00	IMAI      	-3024.7600000000002		02	2015
00	129       	3024.759999999977		02	2015
00	APYG      	0.0		02	2015
00	GTOS      	750619.14000000001		01	2016
00	129       	49503.189999999951		01	2016
00	GTOS      	867648.33999999997		01	2015
03	IMAI      	-19218.700000000001		01	2016
03	129       	-19218.700000000001		01	2016
03	APYG      	19218.700000000001		01	2016
02	IMAI      	23772.75		01	2016
02	129       	23772.75		01	2016
02	APYG      	-23772.75		01	2016
01	IMAI      	-12222.280000000001		01	2016
01	129       	-12222.280000000021		01	2016
01	APYG      	12222.280000000021		01	2016
00	IMAI      	32045.040000000001		01	2016
00	APYG      	-49503.189999999951		01	2016
00	GTOS      	8040.04		03	2016
00	129       	-11913.35		03	2016
00	GTOS      	70892.490000000005		03	2015
00	IMAI      	11913.35		03	2016
00	APYG      	11913.35		03	2016
00	IMAI      	-969.37		02	2016
00	129       	969.36999999999898		02	2016
00	APYG      	-969.37		02	2016
