4         	AGUSTIN RODRIGUEZ SAHAGUN	05003	05003	00005	1	9999	2	9998	0500
5         	AJATES	05005	05005	00005	1	9999	2	9998	0500
6         	ALCALDE PEDRO GARCÍA BURGUILLO	05004	05004	00005	1	9999	2	9998	0500
7         	ALDEA DEL REY NIÑO	05002	05002	00005	1	9999	2	9998	0500
8         	ALEMANIA	05001	05001	00005	1	9999	2	9998	0500
9         	ALFEREZ PROVISIONAL, DEL	05003	05003	00005	1	9999	2	9998	0500
10        	ALFONSO DE MONTALVO	05001	05001	00005	1	9999	2	9998	0500
11        	ALFONSO EL SABIO	05001	05001	00005	1	9999	2	9998	0500
12        	ALFONSO VI	05001	05001	00005	1	9999	2	9998	0500
13        	ALFREDO ABELLA	05003	05003	00005	1	9999	2	9998	0500
14        	ANCHA DEL CUCADERO	05001	05001	00005	1	9999	2	9998	0500
15        	ANTIGUA	05003	05003	00005	1	9999	2	9998	0500
16        	ANTONIO VEREDAS	05004	05004	00005	1	9999	2	9998	0500
17        	AREVALO	05001	05001	00005	1	9999	2	9998	0500
18        	ARROYO VACAS	05005	05005	00005	1	9999	2	9998	0500
19        	ARSENIO GUTIERREZ PALACIOS	05005	05005	00005	1	9999	2	9998	0500
20        	ARTURO DUPERIER	05001	05001	00005	1	9999	2	9998	0500
21        	ASISTENCIA SOCIAL	05005	05005	00005	1	9999	2	9998	0500
22        	ATRIO DE SAN ISIDRO	05002	05002	00005	1	9999	2	9998	0500
23        	ATRIO DE SAN SEGUNDO	05002	05002	00005	1	9999	2	9998	0500
24        	AVE MARIA	05003	05003	00005	1	9999	2	9998	0500
25        	BANDERAS DE CASTILLA	05001	05001	00005	1	9999	2	9998	0500
26        	BARCO DE AVILA, DEL	05002	05002	00005	1	9999	2	9998	0500
27        	BARRACO, EL	05002	05002	00005	1	9999	2	9998	0500
28        	BATALLA ALTO DE LOS LEONES	05001	05001	00005	1	9999	2	9998	0500
29        	BATALLA DE ALFAMBRA	05001	05001	00005	1	9999	2	9998	0500
30        	BATALLA DE BELCHITE	05001	05001	00005	1	9999	2	9998	0500
31        	BATALLA DE BRUNETE	05003	05003	00005	1	9999	2	9998	0500
32        	BATALLA DE TERUEL	05001	05001	00005	1	9999	2	9998	0500
33        	BATALLA DEL EBRO	05001	05001	00005	1	9999	2	9998	0500
34        	BATALLA DEL JARAMA	05001	05001	00005	1	9999	2	9998	0500
35        	BATÁN, DEL	05005	05005	00005	1	9999	2	9998	0500
36        	BATAN, EL	05005	05005	00005	1	9999	2	9998	0500
37        	BEATA TERESA DE JESUS JORNET	05002	05002	00005	1	9999	2	9998	0500
38        	BEATRIZ GALINDO	05003	05003	00005	1	9999	2	9998	0500
39        	BEATRIZ GALINDO	05003	05003	00005	1	9999	2	9998	0500
40        	BENJAMIN PALENCIA	05002	05002	00005	1	9999	2	9998	0500
41        	BERNUY SALINERO	05004	05004	00005	1	9999	2	9998	0500
42        	BERROCALES	05003	05003	00005	1	9999	2	9998	0500
43        	BERROCALES	05003	05003	00005	1	9999	2	9998	0500
44        	BILBAO	05003	05003	00005	1	9999	2	9998	0500
45        	BLASCO JIMENO	05001	05001	00005	1	9999	2	9998	0500
46        	BRACAMONTE	05001	05001	00005	1	9999	2	9998	0500
47        	BRIEVA	05001	05001	00005	1	9999	2	9998	0500
48        	BRIEVA	05001	05001	00005	1	9999	2	9998	0500
49        	BURGOHONDO	05002	05002	00005	1	9999	2	9998	0500
50        	BURGOHONDO	05002	05002	00005	1	9999	2	9998	0500
51        	BURGOS	05005	05005	00005	1	9999	2	9998	0500
52        	CABALLEROS	05001	05001	00005	1	9999	2	9998	0500
53        	CALDERON DE LA BARCA	05001	05001	00005	1	9999	2	9998	0500
54        	CALVO SOTELO	05001	05001	00005	1	9999	2	9998	0500
55        	CAMPO AZALVARO	05004	05004	00005	1	9999	2	9998	0500
56        	CANDELEDA	05001	05001	00005	1	9999	2	9998	0500
57        	CANDIL	05001	05001	00005	1	9999	2	9998	0500
58        	CANTERO JUAN DE AGUIRRE	05004	05004	00005	1	9999	2	9998	0500
59        	CANTERO JUAN DE MONDRAGÓN	05004	05004	00005	1	9999	2	9998	0500
60        	CANTEROS, LOS	05005	05005	00005	1	9999	2	9998	0500
61        	CAPITAN GARCIA VILLARREAL	05001	05001	00005	1	9999	2	9998	0500
62        	CAPITAN MENDEZ VIGO	05003	05003	00005	1	9999	2	9998	0500
63        	CAPITAN PEÑAS	05003	05003	00005	1	9999	2	9998	0500
64        	CARCABO DE GRACIA	05003	05003	00005	1	9999	2	9998	0500
65        	CARDENAL CISNEROS	05003	05003	00005	1	9999	2	9998	0500
66        	CARDENAL PLAY  DENIEL	05001	05001	00005	1	9999	2	9998	0500
67        	CARDEÑOSA	05005	05005	00005	1	9999	2	9998	0500
68        	CARLOS LUIS DE CUENCA	05001	05001	00005	1	9999	2	9998	0500
69        	CARMONA	05005	05005	00005	1	9999	2	9998	0500
70        	CASIMIRO HERNANDEZ	05002	05002	00005	1	9999	2	9998	0500
71        	CASTILLA	05005	05005	00005	1	9999	2	9998	0500
72        	CASTILLO DE LA MOTA	05003	05003	00005	1	9999	2	9998	0500
73        	CATEDRAL	05001	05001	00005	1	9999	2	9998	0500
74        	CEBREROS	05002	05002	00005	1	9999	2	9998	0500
75        	CEMENTERIO	05004	05004	00005	1	9999	2	9998	0500
76        	CEMENTERIO	05005	05005	00005	1	9999	2	9998	0500
77        	CENTRAL LECHERA	05002	05002	00005	1	9999	2	9998	0500
78        	CEPEDAS	05001	05001	00005	1	9999	2	9998	0500
79        	CERAMICA DE DIOSDADO	05002	05002	00005	1	9999	2	9998	0500
80        	CERAMICA VAQUERO	05002	05002	00005	1	9999	2	9998	0500
81        	CERCO DE OVIEDO	05001	05001	00005	1	9999	2	9998	0500
82        	CERVANTES	05003	05003	00005	1	9999	2	9998	0500
83        	CERVANTES	05003	05003	00005	1	9999	2	9998	0500
84        	CHALET SAN ROMAN	05005	05005	00005	1	9999	2	9998	0500
85        	CINCO VILLAS	05003	05003	00005	1	9999	2	9998	0500
86        	CINCO VILLAS	05003	05003	00005	1	9999	2	9998	0500
87        	CISTER	05001	05001	00005	1	9999	2	9998	0500
88        	COBALEDA	05001	05001	00005	1	9999	2	9998	0500
89        	COGOTAS	05004	05004	00005	1	9999	2	9998	0500
90        	COMANDANTE ALBARRAN	05001	05001	00005	1	9999	2	9998	0500
91        	COMUNEROS DE CASTILLA	05001	05001	00005	1	9999	2	9998	0500
92        	CONCEPCION ARENAL	05001	05001	00005	1	9999	2	9998	0500
93        	CONDE DON RAMON	05001	05001	00005	1	9999	2	9998	0500
94        	CORDEL DE LAS MORUCHAS	05004	05004	00005	1	9999	2	9998	0500
95        	CORRALES, LOS	05003	05003	00005	1	9999	2	9998	0500
96        	COVACHUELAS	05002	05002	00005	1	9999	2	9998	0500
97        	COVACHUELAS	05002	05002	00005	1	9999	2	9998	0500
98        	COZUELO	05005	05005	00005	1	9999	2	9998	0500
99        	CRISTO DE LA LUZ	05001	05001	00005	1	9999	2	9998	0500
100       	CRISTO DE LAS BATALLAS	05001	05001	00005	1	9999	2	9998	0500
101       	CRONISTA EDUARDO RUÍZ AYUCAR	05004	05004	00005	1	9999	2	9998	0500
102       	CRUZ DE ALCARAVACA	05003	05003	00005	1	9999	2	9998	0500
103       	CRUZ DE BORGOÑA	05003	05003	00005	1	9999	2	9998	0500
104       	CRUZ DE LA VICTORIA	05003	05003	00005	1	9999	2	9998	0500
105       	CRUZ DE SANTIAGO	05003	05003	00005	1	9999	2	9998	0500
106       	CRUZ ROJA	05001	05001	00005	1	9999	2	9998	0500
107       	CRUZ VIEJA	05001	05001	00005	1	9999	2	9998	0500
108       	CRUZ, DE LA	05002	05002	00005	1	9999	2	9998	0500
109       	CUARTEL DE LA MONTAÑA	05001	05001	00005	1	9999	2	9998	0500
110       	CUATRO POSTES, LOS	05002	05002	00005	1	9999	2	9998	0500
111       	CUCADERO	05001	05001	00005	1	9999	2	9998	0500
112       	CUCHILLERIA	05001	05001	00005	1	9999	2	9998	0500
113       	CURTIDORES	05004	05004	00005	1	9999	2	9998	0500
114       	DAMA, LA	05001	05001	00005	1	9999	2	9998	0500
115       	DAMAS, LAS	05002	05002	00005	1	9999	2	9998	0500
116       	DAVID HERRERO	05005	05005	00005	1	9999	2	9998	0500
117       	DEAN CASTOR ROBLEDO	05003	05003	00005	1	9999	2	9998	0500
118       	DEHESA EL COLMENAR	05004	05004	00005	1	9999	2	9998	0500
119       	DEPOSITO DE LAS AGUAS	05004	05004	00005	1	9999	2	9998	0500
120       	DIECIOCHO DE JULIO	05001	05001	00005	1	21	2	20	0500
121       	DIECIOCHO DE JULIO	05003	05003	00005	23	9999	22	9998	0500
122       	DOCTOR BENIGNO LORENZO VELAZQUEZ	05001	05001	00005	1	9999	2	9998	0500
123       	DOCTOR FLEMING	05001	05001	00005	1	9999	2	9998	0500
124       	DOCTOR JESUS GALAN	05003	05003	00005	1	9999	2	9998	0500
125       	DOCTOR LUIS LOBERA	05001	05001	00005	1	9999	2	9998	0500
126       	DON ALONSO	05003	05003	00005	1	9999	2	9998	0500
127       	DON ANGEL TORRES	05002	05002	00005	1	9999	2	9998	0500
128       	DON CARMELO	05001	05001	00005	1	9999	2	9998	0500
129       	DON FERREOL HERNANDEZ	05001	05001	00005	1	9999	2	9998	0500
130       	DON JESUS JIMENEZ	05003	05003	00005	1	9999	2	9998	0500
131       	DON JUAN JOSE MARTIN	05001	05001	00005	1	9999	2	9998	0500
132       	DON QUIJOTE	05003	05003	00005	1	9999	2	9998	0500
133       	DOÑA GUIOMAR DE ULLOA	05001	05001	00005	1	9999	2	9998	0500
134       	DOÑA URRACA	05001	05001	00005	1	9999	2	9998	0500
135       	DOS DE MAYO	05001	05001	00005	1	9999	2	9998	0500
136       	DULCINEA	05003	05003	00005	1	9999	2	9998	0500
137       	DUQUE DE ALBA	05001	05001	00005	1	9999	2	9998	0500
138       	EDUARDO MARQUINA	05001	05001	00005	1	9999	2	9998	0500
139       	EJERCITO	05001	05001	00005	1	9999	2	9998	0500
140       	EMILIANO BERNABE	05002	05002	00005	1	9999	2	9998	0500
141       	EMILIO CORBACHO	05005	05005	00005	1	9999	2	9998	0500
142       	EMPEDRADA	05002	05002	00005	1	9999	2	9998	0500
143       	ENCARNACION	05005	05005	00005	1	9999	2	9998	0500
144       	ENCARNACION	05005	05005	00005	1	9999	2	9998	0500
145       	ENCARNACION, TRAS DE LA	05005	05005	00005	1	9999	2	9998	0500
146       	ENCUADERNADOR NICOLAS	05004	05004	00005	1	9999	2	9998	0500
147       	ENRIQUE LARRETA	05001	05001	00005	1	9999	2	9998	0500
148       	ERAS	05002	05002	00005	1	9999	2	9998	0500
149       	ERAS DE AVILA	05002	05002	00005	1	9999	2	9998	0500
150       	ERMITA DEL CRISTO RESUCITADO	05005	05005	00005	1	9999	2	9998	0500
151       	ESPINAR, DE EL	05004	05004	00005	1	9999	2	9998	0500
152       	ESTADIUM ADOLFO SUAREZ	05002	05002	00005	1	9999	2	9998	0500
153       	ESTEBAN DOMINGO	05001	05001	00005	1	9999	2	9998	0500
154       	ESTEBAN MARTÍN	05005	05005	00005	1	9999	2	9998	0500
155       	ESTRADA	05001	05001	00005	1	9999	2	9998	0500
156       	FELIX HERNANDEZ	05003	05003	00005	1	9999	2	9998	0500
157       	FELIX RODRIGUEZ DE LA FUENTE	05005	05005	00005	1	9999	2	9998	0500
158       	FERIA	05002	05002	00005	1	9999	2	9998	0500
159       	FERNANDO EL SANTO	05001	05001	00005	1	9999	2	9998	0500
160       	FIVASA	05003	05003	00005	1	9999	2	9998	0500
161       	FONTIVEROS	05001	05001	00005	1	9999	2	9998	0500
162       	FRANCISCO GALLEGO	05002	05002	00005	1	9999	2	9998	0500
163       	FRANCISCO NEBREDA	05005	05005	00005	1	9999	2	9998	0500
164       	FRAY GIL	05003	05003	00005	1	9999	2	9998	0500
165       	FRAY LUIS DE SAN JOSE	05005	05005	00005	1	9999	2	9998	0500
166       	FRESNO, EL	05002	05002	00005	1	9999	2	9998	0500
167       	FUENTE DE LA DUEÑA	05004	05004	00005	1	9999	2	9998	0500
168       	FUENTE DE LA NAVA	05004	05004	00005	1	9999	2	9998	0500
169       	FUENTE DE LA TEJA	05004	05004	00005	1	9999	2	9998	0500
170       	FUENTE DE LAS MINGORRIANAS	05004	05004	00005	1	9999	2	9998	0500
171       	FUENTE DEL ARCEDIANO	05004	05004	00005	1	9999	2	9998	0500
172       	FUENTE DEL BUÑUELO	05004	05004	00005	1	9999	2	9998	0500
173       	FUENTE DEL PILAR DE LA MIMBRE	05004	05004	00005	1	9999	2	9998	0500
174       	FUENTE DEL PUCHERO	05004	05004	00005	1	9999	2	9998	0500
175       	FUENTE EL SOL	05001	05001	00005	1	9999	2	9998	0500
176       	FUENTES CLARAS	05005	05005	00005	1	9999	2	9998	0500
177       	GABRIEL Y GALAN	05001	05001	00005	1	9999	2	9998	0500
178       	GARCILASO DE LA VEGA	05003	05003	00005	1	9999	2	9998	0500
179       	GAUDENCIO FERNANDEZ	05004	05004	00005	1	9999	2	9998	0500
180       	GENERAL MOLA	05001	05001	00005	1	9999	2	9998	0500
181       	GENERALISIMO FRANCO	05001	05001	00005	1	9999	2	9998	0500
182       	GRACIA	05002	05002	00005	1	9999	2	9998	0500
183       	GRAN CAPITAN	05003	05003	00005	1	9999	2	9998	0500
184       	GRANADA	05003	05003	00005	1	9999	2	9998	0500
185       	GREDOS	05002	05002	00005	1	9999	2	9998	0500
186       	HERMANOS BECQUER	05002	05002	00005	1	9999	2	9998	0500
187       	HERMANOS CLEMENTE ROMERO	05003	05003	00005	1	9999	2	9998	0500
188       	HEROES DEL ALCAZAR	05001	05001	00005	1	9999	2	9998	0500
189       	HERVENCIAS ALTAS	05004	05004	00005	1	9999	2	9998	0500
190       	HORNO DEL CONDE	05001	05001	00005	1	9999	2	9998	0500
191       	HUERTA DE LAS ERAS DE AVILA	05002	05002	00005	1	9999	2	9998	0500
192       	HUERTA DE LAS MONJAS	05005	05005	00005	1	9999	2	9998	0500
193       	HUERTA DE SAN ANDRES	05005	05005	00005	1	9999	2	9998	0500
194       	HUERTA, DE LA	05005	05005	00005	1	9999	2	9998	0500
195       	HUMILLADERO	05001	05001	00005	1	9999	2	9998	0500
196       	INDEPENDENCIA	05005	05005	00005	1	9999	2	9998	0500
197       	INMACULADA	05005	05005	00005	1	9999	2	9998	0500
198       	INTENDENTE AIZPURU	05001	05001	00005	1	9999	2	9998	0500
199       	ISAAC PERAL	05001	05001	00005	1	9999	2	9998	0500
200       	ITALIA	05001	05001	00005	1	9999	2	9998	0500
201       	JACINTO BENAVENTE	05001	05001	00005	1	9999	2	9998	0500
202       	JARDIN DEL RECREO	05001	05001	00005	1	9999	2	9998	0500
203       	JESUS DEL GRAN PODER	05003	05003	00005	1	9999	2	9998	0500
204       	JESUS HERNANDEZ UBEDA	05003	05003	00005	1	9999	2	9998	0500
205       	JIMENA BLAZQUEZ	05001	05001	00005	1	9999	2	9998	0500
206       	JORGE SANTAYANA	05005	05005	00005	1	9999	2	9998	0500
207       	JOSE ANTONIO	05001	05001	00005	1	9999	2	9998	0500
208       	JOSE ANTONIO	05001	05001	00005	1	9999	2	9998	0500
209       	JOSE BACHILLER	05003	05003	00005	1	9999	2	9998	0500
210       	JOSE MARIA CARO	05003	05003	00005	1	9999	2	9998	0500
211       	JOSE MARIA PEMAN	05002	05002	00005	1	9999	2	9998	0500
212       	JOSE MAYORAL	05005	05005	00005	1	9999	2	9998	0500
213       	JOSE SOLIS	05002	05002	00005	1	9999	2	9998	0500
214       	JOSE TOME	05001	05001	00005	1	9999	2	9998	0500
215       	JUAN ANGEL NEBREDA	05005	05005	00005	1	9999	2	9998	0500
216       	JUAN CARLOS I	05004	05004	00005	1	9999	2	9998	0500
217       	JUAN DE ARFE	05003	05003	00005	1	9999	2	9998	0500
218       	JUAN DE YEPES	05002	05002	00005	1	9999	2	9998	0500
219       	JUAN GRANDE	05003	05003	00005	1	9999	2	9998	0500
220       	JUAN JORGE	05003	05003	00005	1	9999	2	9998	0500
221       	JUAN PABLO II	05003	05003	00005	1	9999	2	9998	0500
222       	JULIO JIMENEZ	05001	05001	00005	1	9999	2	9998	0500
223       	JUVENTUD	05003	05003	00005	1	9999	2	9998	0500
224       	LEALES, LOS	05001	05001	00005	1	9999	2	9998	0500
225       	LEON	05003	05003	00005	1	9999	2	9998	0500
226       	LESQUINAS	05001	05001	00005	1	9999	2	9998	0500
227       	LOGROÑO	05003	05003	00005	1	9999	2	9998	0500
228       	LONGUERA DEL MOCHUELO	05004	05004	00005	1	9999	2	9998	0500
229       	LOPE DE VEGA	05002	05002	00005	1	9999	2	9998	0500
230       	LOPEZ MEZQUITA	05005	05005	00005	1	9999	2	9998	0500
231       	LOPEZ NUÑEZ	05001	05001	00005	1	9999	2	9998	0500
232       	LOSA, LA	05002	05002	00005	1	9999	2	9998	0500
233       	LOSILLAS, LAS	05002	05002	00005	1	9999	2	9998	0500
234       	LUIS VALERO	05005	05005	00005	1	9999	2	9998	0500
235       	LUNA, LA	05003	05003	00005	1	9999	2	9998	0500
236       	MADRE SOLEDAD	05001	05001	00005	1	9999	2	9998	0500
237       	MADRES, LAS	05001	05001	00005	1	9999	2	9998	0500
238       	MADRES, LAS	05001	05001	00005	1	9999	2	9998	0500
239       	MADRID	05001	05001	00005	1	9999	2	9998	0500
240       	MADRIGAL	05003	05003	00005	1	9999	2	9998	0500
241       	MADRIGAL	05003	05003	00005	1	9999	2	9998	0500
242       	MAESTRE JUAN DE SECADURAS	05004	05004	00005	1	9999	2	9998	0500
243       	MAESTRO PIQUERO	05003	05003	00005	1	9999	2	9998	0500
244       	MAESTROS, LOS	05002	05002	00005	1	9999	2	9998	0500
245       	MAGANA, LA	05001	05001	00005	1	9999	2	9998	0500
246       	MALAGA	05004	05004	00005	1	9999	2	9998	0500
247       	MANUEL DEL CAÑIZO	05004	05004	00005	1	9999	2	9998	0500
248       	MARCELINO SANTIAGO	05001	05001	00005	1	9999	2	9998	0500
249       	MARIA ANTONIA NEBREDA	05005	05005	00005	1	9999	2	9998	0500
250       	MARIA BRICEÑO	05001	05001	00005	1	9999	2	9998	0500
251       	MARINA, LA	05005	05005	00005	1	9999	2	9998	0500
252       	MARQUES DE BENEVITES	05001	05001	00005	1	9999	2	9998	0500
253       	MARQUES DE CANALES Y CHOZAS	05001	05001	00005	1	9999	2	9998	0500
254       	MARQUES DE SANTO DOMINGO	05001	05001	00005	1	9999	2	9998	0500
255       	MARTIN CARRAMOLINO	05001	05001	00005	1	9999	2	9998	0500
256       	MATADERO	05005	05005	00005	1	9999	2	9998	0500
257       	MATADERO	05005	05005	00005	1	9999	2	9998	0500
258       	MEDICO FERNANDO TOME	05001	05001	00005	1	9999	2	9998	0500
259       	MEDINA DEL CAMPO	05005	05005	00005	1	9999	2	9998	0500
260       	MILICIAS	05003	05003	00005	1	9999	2	9998	0500
261       	MINA, LA	05002	05002	00005	1	9999	2	9998	0500
262       	MINA, LA	05002	05002	00005	1	9999	2	9998	0500
263       	MINGORRIA	05005	05005	00005	1	9999	2	9998	0500
264       	MOLINO DE TESTADORES	05005	05005	00005	1	9999	2	9998	0500
265       	MOLINO DEL BATÁN	05005	05005	00005	1	9999	2	9998	0500
266       	MOLINO DEL CARRIL	05005	05005	00005	1	9999	2	9998	0500
267       	MOLINO DEL CUBO	05005	05005	00005	1	9999	2	9998	0500
268       	MOLINOS, LOS	05003	05003	00005	1	9999	2	9998	0500
269       	MORADAS, LAS	05005	05005	00005	1	9999	2	9998	0500
270       	MORAÑA, LA	05002	05002	00005	1	9999	2	9998	0500
271       	MOSEN RUBI	05001	05001	00005	1	9999	2	9998	0500
272       	MOZAS, DE LAS	05003	05003	00005	1	9999	2	9998	0500
273       	NALVILLOS	05001	05001	00005	1	9999	2	9998	0500
274       	NAVALMORAL	05002	05002	00005	1	9999	2	9998	0500
275       	NUESTRA SEÑORA DE CHILLA	05005	05005	00005	1	9999	2	9998	0500
276       	NUESTRA SEÑORA DE SONSOLES	05002	05002	00005	1	9999	2	9998	0500
277       	NUESTRA SEÑORA DEL CUBILLO	05005	05005	00005	1	9999	2	9998	0500
278       	OCAÑA	05002	05002	00005	1	9999	2	9998	0500
279       	OCAÑA	05002	05002	00005	1	9999	2	9998	0500
280       	ONESIMO REDONDO	05001	05001	00005	1	9999	2	9998	0500
281       	PADRE BALBINO	05005	05005	00005	1	9999	2	9998	0500
282       	PADRE DOMINGO BAÑEZ	05003	05003	00005	1	9999	2	9998	0500
283       	PADRE JERONIMO GRACIAN	05001	05001	00005	1	9999	2	9998	0500
284       	PADRE SILVERIO DE SANTA TERESA	05001	05001	00005	1	9999	2	9998	0500
285       	PADRE TENAGUILLO	05004	05004	00005	1	9999	2	9998	0500
286       	PADRE VICTORIANO RODRIGUEZ	05005	05005	00005	1	9999	2	9998	0500
287       	PALENCIA	05005	05005	00005	1	9999	2	9998	0500
288       	PARAMERA, LA	05004	05004	00005	1	9999	2	9998	0500
289       	PARRILLA, LA	05005	05005	00005	1	9999	2	9998	0500
290       	PAZ, LA	05003	05003	00005	1	9999	2	9998	0500
291       	PAZ, LA	05003	05003	00005	1	9999	2	9998	0500
292       	PEDRO BERRUGUETE	05003	05003	00005	1	9999	2	9998	0500
293       	PEDRO DAVILA	05001	05001	00005	1	9999	2	9998	0500
294       	PEDRO DE LA GASCA	05001	05001	00005	1	9999	2	9998	0500
295       	PEREGRINO	05002	05002	00005	1	9999	2	9998	0500
296       	PERPETUO SOCORRO	05003	05003	00005	1	9999	2	9998	0500
297       	PIEDRAHITA	05002	05002	00005	1	9999	2	9998	0500
298       	PILON DE LAS BESTIAS	05003	05003	00005	1	9999	2	9998	0500
299       	PINTOR CAPROTTI	05004	05004	00005	1	9999	2	9998	0500
300       	PINTOR CHICHARRO	05002	05002	00005	1	9999	2	9998	0500
301       	PISCINAS AVILA	05004	05004	00005	1	9999	2	9998	0500
302       	POCILLO	05001	05001	00005	1	9999	2	9998	0500
303       	POLVORIN, EL	05003	05003	00005	1	9999	2	9998	0500
304       	PORTUGAL	05001	05001	00005	1	9999	2	9998	0500
305       	PRADILLO, EL	05005	05005	00005	1	9999	2	9998	0500
306       	PRADO SANCHO	05005	05005	00005	1	9999	2	9998	0500
307       	PRADO SANCHO	05005	05005	00005	1	9999	2	9998	0500
308       	PRADO SANCHO	05005	05005	00005	1	9999	2	9998	0500
309       	PRADO SANJUANIEGO	05004	05004	00005	1	9999	2	9998	0500
310       	PRINCIPE DON JUAN	05003	05003	00005	1	9999	2	9998	0500
311       	PROFESOR JOSÉ LUÍS LÓPEZ ARANGUREN	05004	05004	00005	1	9999	2	9998	0500
312       	PUENTE	05001	05001	00005	1	9999	2	9998	0500
313       	PUENTE SANTI ESPIRITU	05003	05003	00005	0	0	0	0	0500
314       	PUERTO DE LAS PILAS	05004	05004	00005	1	9999	2	9998	0500
315       	PUERTO DE MENGA	05004	05004	00005	1	9999	2	9998	0500
316       	PUERTO DE SERRANILLOS	05004	05004	00005	1	9999	2	9998	0500
317       	PUERTO DE VILLATORO	05004	05004	00005	1	9999	2	9998	0500
318       	PUERTO DEL PICO	05004	05004	00005	1	9999	2	9998	0500
319       	RAFAELA DE ANTONIO	05002	05002	00005	1	5	2	0	0500
320       	RAFAELA DE ANTONIO	05003	05003	00005	7	9999	4	9998	0500
321       	RAMON DE FRANCISCO	05004	05004	00005	1	9999	2	9998	0500
322       	RAMON Y CAJAL	05001	05001	00005	1	9999	2	9998	0500
323       	RASTRO	05002	05002	00005	1	9999	2	9998	0500
324       	RASTRO	05001	05001	00005	1	9999	2	9998	0500
325       	REINA ISABEL	05001	05001	00005	1	9999	2	9998	0500
326       	REJERO FRAY FRANCISCO DE SALAMANCA	05004	05004	00005	1	9999	2	9998	0500
327       	REJERO LORENZO DE AVILA	05004	05004	00005	1	9999	2	9998	0500
328       	REYES CATOLICOS	05001	05001	00005	1	9999	2	9998	0500
329       	RIO ADAJA	05004	05004	00005	1	9999	2	9998	0500
330       	RIO ALBERCHE	05002	05002	00005	1	9999	2	9998	0500
331       	RIO BECERRIL	05004	05004	00005	1	9999	2	9998	0500
332       	RIO CEA	05004	05004	00005	1	9999	2	9998	0500
333       	RIO CEGA	05004	05004	00005	1	9999	2	9998	0500
334       	RIO CHICO	05004	05004	00005	1	9999	2	9998	0500
335       	RIO DUERO	05004	05004	00005	1	9999	2	9998	0500
336       	RIO ERESMA	05004	05004	00005	1	9999	2	9998	0500
337       	RIO ESLA	05004	05004	00005	1	9999	2	9998	0500
338       	RIO MAYOR	05004	05004	00005	1	9999	2	9998	0500
339       	RIO ORBIGO	05004	05004	00005	1	9999	2	9998	0500
340       	RIO PISUERGA	05004	05004	00005	1	9999	2	9998	0500
341       	RIO POMAR	05004	05004	00005	1	9999	2	9998	0500
342       	RIO SEQUILLO	05004	05004	00005	1	9999	2	9998	0500
343       	RIO TERA	05004	05004	00005	1	9999	2	9998	0500
344       	RIO TIETAR	05002	05002	00005	1	9999	2	9998	0500
345       	RIO TORÍO	05004	05004	00005	1	9999	2	9998	0500
346       	RIO TORMES	05002	05002	00005	1	9999	2	9998	0500
347       	RIO TRABANCOS	05004	05004	00005	1	9999	2	9998	0500
348       	RIO VOLTOYA	05002	05002	00005	1	9999	2	9998	0500
349       	RIO ZAPARDIEL	05002	05002	00005	1	9999	2	9998	0500
350       	RIOFRIO	05002	05002	00005	1	9999	2	9998	0500
351       	RIOJA, LA	05003	05003	00005	1	9999	2	9998	0500
352       	ROLLO	05002	05002	00005	1	9999	2	9998	0500
353       	RONDA VIEJA	05005	05005	00005	1	9999	2	9998	0500
354       	RUFINO MARTIN DE VELASCO	05002	05002	00005	1	25	2	22	0500
355       	RUFINO MARTIN DE VELASCO	05003	05003	00005	27	9999	24	9998	0500
356       	SALAMANCA	05002	05002	00005	1	9999	2	9998	0500
357       	SALAMANCA	05001	05001	00005	1	9999	2	9998	0500
358       	SAN ANDRES	05005	05005	00005	1	9999	2	9998	0500
359       	SAN ANDRES	05005	05005	00005	1	9999	2	9998	0500
360       	SAN ANTONIO	05005	05005	00005	1	9999	2	9998	0500
361       	SAN BENITO	05003	05003	00005	1	9999	2	9998	0500
362       	SAN BENITO	05003	05003	00005	1	9999	2	9998	0500
363       	SAN BERNARDO	05001	05001	00005	1	9999	2	9998	0500
364       	SAN CRISTOBAL	05003	05003	00005	1	9999	2	9998	0500
365       	SAN CRISTOBAL	05003	05003	00005	1	9999	2	9998	0500
366       	SAN ESTEBAN	05001	05001	00005	1	9999	2	9998	0500
367       	SAN ESTEBAN	05001	05001	00005	1	9999	2	9998	0500
368       	SAN FRANCISCO	05005	05005	00005	1	9999	2	9998	0500
369       	SAN JERONIMO	05001	05001	00005	1	9999	2	9998	0500
370       	SAN JOAQUIN	05001	05001	00005	1	9999	2	9998	0500
371       	SAN JOSE	05002	05002	00005	1	9999	2	9998	0500
372       	SAN JUAN BOSCO	05002	05002	00005	1	9999	2	9998	0500
373       	SAN JUAN DE DIOS	05003	05003	00005	1	9999	2	9998	0500
374       	SAN JUAN DE LA CRUZ	05001	05001	00005	1	9999	2	9998	0500
375       	SAN MIGUEL	05001	05001	00005	1	9999	2	9998	0500
376       	SAN MILLAN	05001	05001	00005	1	9999	2	9998	0500
377       	SAN NICOLAS	05002	05002	00005	1	9999	2	9998	0500
378       	SAN NICOLAS	05002	05002	00005	1	9999	2	9998	0500
379       	SAN NICOLAS	05002	05002	00005	1	9999	2	9998	0500
380       	SAN PEDRO BAUTISTA	05005	05005	00005	1	9999	2	9998	0500
381       	SAN PEDRO DE ALCANTARA	05005	05005	00005	1	9999	2	9998	0500
382       	SAN PEDRO DEL BARCO	05003	05003	00005	1	9999	2	9998	0500
383       	SAN ROQUE	05003	05003	00005	1	9999	2	9998	0500
384       	SAN SEGUNDO	05001	05001	00005	1	9999	2	9998	0500
385       	SAN VICENTE	05001	05001	00005	1	9999	2	9998	0500
386       	SAN VICENTE	05001	05001	00005	1	9999	2	9998	0500
387       	SANCHEZ ALBORNOZ	05001	05001	00005	1	9999	2	9998	0500
388       	SANCHEZ MERINO	05004	05004	00005	1	9999	2	9998	0500
389       	SANCHO DAVILA	05001	05001	00005	1	9999	2	9998	0500
390       	SANTA ANA	05001	05001	00005	1	9999	2	9998	0500
391       	SANTA CATALINA	05001	05001	00005	1	9999	2	9998	0500
392       	SANTA CLARA	05001	05001	00005	1	9999	2	9998	0500
393       	SANTA CRUZ DE TENERIFE	05005	05005	00005	1	9999	2	9998	0500
394       	SANTA FE	05003	05003	00005	1	9999	2	9998	0500
395       	SANTA MARIA DE LA CABEZA	05005	05005	00005	1	9999	2	9998	0500
396       	SANTA TERESA	05001	05001	00005	1	9999	2	9998	0500
397       	SANTA, LA	05001	05001	00005	1	9999	2	9998	0500
398       	SANTANDER	05005	05005	00005	1	9999	2	9998	0500
399       	SANTIAGO	05002	05002	00005	1	9999	2	9998	0500
400       	SANTIAGO	05002	05002	00005	1	9999	2	9998	0500
401       	SANTO DOMINGO	05001	05001	00005	1	9999	2	9998	0500
402       	SANTO DOMINGO	05001	05001	00005	1	9999	2	9998	0500
403       	SANTO DOMINGO	05001	05001	00005	1	9999	2	9998	0500
404       	SANTO TOMAS	05003	05003	00005	1	9999	2	9998	0500
405       	SARGENTO PROVISIONAL	05003	05003	00005	1	9999	2	9998	0500
406       	SEGOVIA	05005	05005	00005	1	9999	2	9998	0500
407       	SERROTA, LA	05002	05002	00005	1	9999	2	9998	0500
408       	SEVILLA	05005	05005	00005	1	9999	2	9998	0500
409       	SIERPE, LA	05005	05005	00005	1	9999	2	9998	0500
410       	SIMANCAS	05005	05005	00005	1	9999	2	9998	0500
411       	SOFRAGA	05001	05001	00005	1	9999	2	9998	0500
412       	SOLIS	05005	05005	00005	1	9999	2	9998	0500
413       	SONSOLES, VIEJA	05002	05002	00005	1	9999	2	9998	0500
414       	SOR MARIA SAN JOSE	05001	05001	00005	1	9999	2	9998	0500
415       	SORIA	05003	05003	00005	1	9999	2	9998	0500
416       	SUERO DEL AGUILA	05002	05002	00005	1	9999	2	9998	0500
417       	TARRASA	05003	05003	00005	1	9999	2	9998	0500
418       	TEATRO	05001	05001	00005	1	9999	2	9998	0500
419       	TEJARES, LOS	05002	05002	00005	1	9999	2	9998	0500
420       	TELARES, LOS	05001	05001	00005	1	9999	2	9998	0500
421       	TELARES, LOS	05001	05001	00005	1	9999	2	9998	0500
422       	TENIENTE AREVALO	05001	05001	00005	1	9999	2	9998	0500
423       	TENIENTE MUÑOZ CASTELLANOS	05003	05003	00005	1	9999	2	9998	0500
424       	TESO DE LA LUZ	05002	05002	00005	1	9999	2	9998	0500
425       	TESO DEL HOSPITAL VIEJO	05002	05002	00005	1	9999	2	9998	0500
426       	TESO DEL HOSPITAL VIEJO	05002	05002	00005	1	9999	2	9998	0500
427       	TIEMBLO, EL	05002	05002	00005	1	9999	2	9998	0500
428       	TIERRA ARNALTE	05003	05003	00005	1	9999	2	9998	0500
429       	TIRO DE PICHON	05004	05004	00005	1	9999	2	9998	0500
430       	TIRO DE PICHON	05004	05004	00005	1	9999	2	9998	0500
431       	TOBOSO	05003	05003	00005	1	9999	2	9998	0500
432       	TOLEDANA, LA	05002	05002	00005	1	9999	2	9998	0500
433       	TOMAS LUIS DE VICTORIA	05001	05001	00005	1	9999	2	9998	0500
434       	TORDESILLAS	05005	05005	00005	1	9999	2	9998	0500
435       	TORDESILLAS	05005	05005	00005	1	9999	2	9998	0500
436       	TORNADIZOS	05005	05005	00005	1	9999	2	9998	0500
437       	TOROS DE GUISANDO	05003	05003	00005	1	9999	2	9998	0500
438       	TOROS, DE	05002	05002	00005	1	9999	2	9998	0500
439       	TORQUEMADA	05003	05003	00005	1	9999	2	9998	0500
440       	TOSTADO, EL	05001	05001	00005	1	9999	2	9998	0500
441       	TRAS DE GRACIA	05002	05002	00005	1	9999	2	9998	0500
442       	TRES TAZAS, LAS	05001	05001	00005	1	9999	2	9998	0500
443       	TRINIDAD	05003	05003	00005	1	9999	2	9998	0500
444       	VACAS, LAS	05003	05003	00005	1	9999	2	9998	0500
445       	VALLADOLID	05005	05005	00005	1	9999	2	9998	0500
446       	VALLADOLID,CARRETERA	05004	05004	00005	1	9999	2	9998	0500
447       	VALLE AMBLES	05002	05002	00005	1	9999	2	9998	0500
448       	VALLE DE LOS BORBOLLONES	05004	05004	00005	1	9999	2	9998	0500
449       	VALLE DEL CORNEJA	05002	05002	00005	1	9999	2	9998	0500
450       	VALLE DEL TIETAR	05002	05002	00005	1	9999	2	9998	0500
451       	VALLE, DEL	05002	05002	00005	1	9999	2	9998	0500
452       	VALLESPIN	05001	05001	00005	1	9999	2	9998	0500
453       	VALSECA	05005	05005	00005	1	9999	2	9998	0500
454       	VARA DEL REY	05001	05001	00005	1	9999	2	9998	0500
455       	VASCO DE LA ZARZA	05002	05002	00005	1	9999	2	9998	0500
456       	VASCO DE QUIROGA	05005	05005	00005	1	9999	2	9998	0500
457       	VICENTA MANZANEDO	05002	05002	00005	1	9999	2	9998	0500
458       	VICTORIA, DE LA	05001	05001	00005	1	9999	2	9998	0500
459       	VILLACASTIN A VIGO	05004	05004	00005	1	9999	2	9998	0500
460       	VILLAFLORENTINO	05005	05005	00005	1	9999	2	9998	0500
461       	VIÑA, LA	05005	05005	00005	1	9999	2	9998	0500
462       	VIRGEN DE COVADONGA	05005	05005	00005	1	9999	2	9998	0500
463       	VIRGEN DE LA CARIDAD	05005	05005	00005	1	9999	2	9998	0500
464       	VIRGEN DE LA PORTERIA	05005	05005	00005	1	9999	2	9998	0500
465       	VIRGEN DE LA VEGA	05005	05005	00005	1	9999	2	9998	0500
466       	VIRGEN DE LAS ANGUSTIAS	05005	05005	00005	1	9999	2	9998	0500
467       	VIRGEN DE LAS ANGUSTIAS	05005	05005	00005	1	9999	2	9998	0500
468       	VIRGEN DE LAS FUENTES	05005	05005	00005	1	9999	2	9998	0500
469       	VIRGEN DE MARIA	05003	05003	00005	1	9999	2	9998	0500
470       	VIRGEN DEL PILAR DE ARENAS	05005	05005	00005	1	9999	2	9998	0500
471       	VIRGEN DEL VALSORDO	05005	05005	00005	1	9999	2	9998	0500
472       	VIRGEN SOTERRAÑA	05005	05005	00005	1	9999	2	9998	0500
473       	VIRREINA MARIA DAVILA	05001	05001	00005	1	9999	2	9998	0500
474       	YEDRA, LA	05003	05003	00005	1	9999	2	9998	0500
475       	YUGO Y FLECHAS	05003	05003	00005	1	9999	2	9998	0500
476       	ZAMORA	05005	05005	00005	1	9999	2	9998	0500
477       	ZARAGOZA	05003	05003	00005	1	9999	2	9998	0500
478       	ZURRAQUIN	05001	05001	00005	1	9999	2	9998	0500
