0000000001	0000000001	11	50.0	1.0
0000000002	0000000002	11	40.0	1.0
0000000003	0000000003	11	40.0	1.0
0000000004	0000000004	11	60.0	1.0
0000000005	0000000005	11	50.0	1.0
0000000006	0000000006	11	60.0	1.0
0000000007	0000000007	11	50.0	1.0
0000000008	0000000008	11	40.0	1.0
0000000009	0000000009	11	40.0	1.0
0000000010	0000000010	11	50.0	1.0
0000000011	0000000011	11	40.0	1.0
0000000012	0000000012	11	40.0	1.0
0000000013	0000000013	11	20.0	1.0
0000000014	0000000014	11	20.0	1.0
0000000015	0000000015	11	20.0	1.0
0000000016	0000000016	11	20.0	1.0
0000000017	0000000017	11	20.0	1.0
0000000018	0000000018	11	20.0	1.0
0000000019	0000000019	11	20.0	1.0
0000000020	0000000020	11	20.0	1.0
0000000021	0000000021	11	20.0	1.0
0000000022	0000000022	11	20.0	1.0
0000000023	0000000023	11	20.0	1.0
0000000024	0000000024	11	20.0	1.0
0000000025	0000000025	11	20.0	1.0
0000000026	0000000026	11	20.0	1.0
0000000027	0000000027	11	20.0	1.0
0000000028	0000000028	11	20.0	1.0
0000000029	0000000029	11	20.0	1.0
0000000030	0000000030	11	20.0	1.0
0000000031	0000000031	11	20.0	1.0
0000000032	0000000032	11	20.0	1.0
0000000033	0000000033	11	20.0	1.0
0000000034	0000000034	11	20.0	1.0
0000000035	0000000035	11	20.0	1.0
0000000036	0000000036	11	20.0	1.0
0000000037	0000000037	11	20.0	1.0
0000000038	0000000038	11	20.0	1.0
0000000039	0000000039	11	20.0	1.0
0000000040	0000000040	11	20.0	1.0
0000000041	0000000041	11	20.0	1.0
0000000042	0000000042	11	20.0	1.0
0000000043	0000000043	11	20.0	1.0
0000000044	0000000044	11	20.0	1.0
0000000045	0000000045	11	20.0	1.0
0000000058	0000000058	05	45.0	1.0
0000000059	0000000058	00-01	65.0	1.0
0000000060	0000000059	05	30.0	1.0
0000000061	0000000059	00-01	50.0	1.0
0000000062	0000000060	05	70.0	1.0
0000000063	0000000060	00-01	90.0	1.0
0000000064	0000000061	05	115.0	1.0
0000000065	0000000061	00-01	135.0	1.0
0000000066	0000000062	05	65.0	1.0
0000000067	0000000062	00-01	85.0	1.0
0000000068	0000000063	05	80.0	1.0
0000000069	0000000063	00-01	200.0	1.0
0000000070	0000000064	05	100.0	1.0
0000000071	0000000064	00-01	220.0	1.0
0000000072	0000000065	05	120.0	1.0
0000000073	0000000065	00-01	240.0	1.0
0000000074	0000000066	05	140.0	1.0
0000000075	0000000066	00-01	260.0	1.0
0000000076	0000000067	05	80.0	1.0
0000000077	0000000067	00-01	200.0	1.0
0000000078	0000000068	05	100.0	1.0
0000000079	0000000068	00-01	220.0	1.0
0000000080	0000000069	05	120.0	1.0
0000000081	0000000069	00-01	240.0	1.0
0000000082	0000000070	05	140.0	1.0
0000000083	0000000070	00-01	260.0	1.0
0000000084	0000000071	05	80.0	1.0
0000000085	0000000071	00-01	100.0	1.0
0000000086	0000000072	05	110.0	1.0
0000000087	0000000072	00-01	130.0	1.0
0000000088	0000000073	05	155.0	1.0
0000000089	0000000073	00-01	175.0	1.0
0000000090	0000000074	05	210.0	1.0
0000000091	0000000074	00-01	230.0	1.0
0000000092	0000000075	05	155.0	1.0
0000000093	0000000075	00-01	175.0	1.0
0000000094	0000000076	05	255.0	1.0
0000000095	0000000076	00-01	275.0	1.0
0000000096	0000000077	05	530.0	1.0
0000000097	0000000077	00-01	550.0	1.0
0000000098	0000000078	05	60.0	1.0
0000000099	0000000078	00-01	80.0	1.0
0000000100	0000000079	05	60.0	1.0
0000000101	0000000079	00-01	80.0	1.0
0000000102	0000000080	05	60.0	1.0
0000000103	0000000080	00-01	80.0	1.0
0000000104	0000000081	05	80.0	1.0
0000000105	0000000081	00-01	200.0	1.0
0000000106	0000000082	05	100.0	1.0
0000000107	0000000082	00-01	220.0	1.0
0000000108	0000000083	05	120.0	1.0
0000000109	0000000083	00-01	240.0	1.0
0000000110	0000000084	05	140.0	1.0
0000000111	0000000084	00-01	260.0	1.0
0000000112	0000000085	05	80.0	1.0
0000000113	0000000085	00-01	100.0	1.0
0000000114	0000000086	05	110.0	1.0
0000000115	0000000086	00-01	130.0	1.0
0000000116	0000000087	05	155.0	1.0
0000000117	0000000087	00-01	175.0	1.0
0000000118	0000000088	05	210.0	1.0
0000000119	0000000088	00-01	230.0	1.0
0000000120	0000000089	05	155.0	1.0
0000000121	0000000089	00-01	175.0	1.0
0000000122	0000000090	05	255.0	1.0
0000000123	0000000090	00-01	275.0	1.0
0000000124	0000000091	05	530.0	1.0
0000000125	0000000091	00-01	550.0	1.0
0000000126	0000000092	05	35.0	1.0
0000000127	0000000092	00-01	35.0	1.0
0000000128	0000000093	05	35.0	1.0
0000000129	0000000093	00-01	35.0	1.0
0000000130	0000000094	05	35.0	1.0
0000000131	0000000094	00-01	35.0	1.0
0000000132	0000000095	05	35.0	1.0
0000000133	0000000095	00-01	35.0	1.0
0000000134	0000000096	05	35.0	1.0
0000000135	0000000096	00-01	35.0	1.0
0000000136	0000000097	05	35.0	1.0
0000000137	0000000097	00-01	35.0	1.0
0000000138	0000000098	05	35.0	1.0
0000000139	0000000098	00-01	35.0	1.0
0000000140	0000000099	05	35.0	1.0
0000000141	0000000099	00-01	35.0	1.0
0000000142	0000000100	05	35.0	1.0
0000000143	0000000100	00-01	35.0	1.0
0000000144	0000000101	05	35.0	1.0
0000000145	0000000101	00-01	35.0	1.0
0000000146	0000000102	05	35.0	1.0
0000000147	0000000102	00-01	35.0	1.0
0000000148	0000000103	05	35.0	1.0
0000000149	0000000103	00-01	35.0	1.0
0000000150	0000000104	05	35.0	1.0
0000000151	0000000104	00-01	35.0	1.0
0000000152	0000000105	05	35.0	1.0
0000000153	0000000105	00-01	35.0	1.0
0000000154	0000000106	05	35.0	1.0
0000000155	0000000106	00-01	35.0	1.0
0000000156	0000000107	05	35.0	1.0
0000000157	0000000107	00-01	35.0	1.0
0000000158	0000000108	05	35.0	1.0
0000000159	0000000108	00-01	35.0	1.0
0000000160	0000000109	05	35.0	1.0
0000000161	0000000109	00-01	35.0	1.0
0000000162	0000000110	05	35.0	1.0
0000000163	0000000110	00-01	35.0	1.0
0000000164	0000000111	05	35.0	1.0
0000000165	0000000111	00-01	35.0	1.0
0000000166	0000000112	05	35.0	1.0
0000000167	0000000112	00-01	35.0	1.0
0000000168	0000000113	100098	50.0	1.0
0000000169	0000000113	100099	60.0	1.0
0000000170	0000000114	100098	30.0	1.0
0000000171	0000000114	100099	36.0	1.0
0000000172	0000000115	100098	60.0	1.0
0000000173	0000000115	100099	72.0	1.0
0000000174	0000000116	100098	70.0	1.0
0000000175	0000000116	100099	84.0	1.0
0000000176	0000000117	100098	50.0	1.0
0000000177	0000000117	100099	60.0	1.0
0000000178	0000000118	100098	100.0	1.0
0000000179	0000000118	100099	120.0	1.0
0000000180	0000000119	100098	150.0	1.0
0000000181	0000000119	100099	180.0	1.0
0000000182	0000000120	100098	200.0	1.0
0000000183	0000000120	100099	240.0	1.0
0000000184	0000000121	100098	250.0	1.0
0000000185	0000000121	100099	300.0	1.0
0000000186	0000000122	100098	75.0	1.0
0000000187	0000000122	100099	90.0	1.0
0000000188	0000000123	100098	125.0	1.0
0000000189	0000000123	100099	150.0	1.0
0000000190	0000000124	100098	175.0	1.0
0000000191	0000000124	100099	210.0	1.0
0000000192	0000000125	100098	225.0	1.0
0000000193	0000000125	100099	270.0	1.0
0000000194	0000000126	100098	75.0	1.0
0000000195	0000000126	100099	90.0	1.0
0000000196	0000000127	100098	125.0	1.0
0000000197	0000000127	100099	150.0	1.0
0000000198	0000000128	100098	175.0	1.0
0000000199	0000000128	100099	210.0	1.0
0000000200	0000000129	100098	225.0	1.0
0000000201	0000000129	100099	270.0	1.0
0000000202	0000000130	100098	150.0	1.0
0000000203	0000000130	100099	180.0	1.0
0000000204	0000000131	100098	250.0	1.0
0000000205	0000000131	100099	300.0	1.0
0000000206	0000000132	100098	425.0	1.0
0000000207	0000000132	100099	510.0	1.0
0000000208	0000000133	100098	75.0	1.0
0000000209	0000000133	100099	90.0	1.0
0000000210	0000000134	100098	125.0	1.0
0000000211	0000000134	100099	150.0	1.0
0000000212	0000000135	100098	175.0	1.0
0000000213	0000000135	100099	210.0	1.0
0000000214	0000000136	100098	225.0	1.0
0000000215	0000000136	100099	270.0	1.0
0000000216	0000000137	100098	75.0	1.0
0000000217	0000000137	100099	90.0	1.0
0000000218	0000000138	100098	125.0	1.0
0000000219	0000000138	100099	150.0	1.0
0000000220	0000000139	100098	175.0	1.0
0000000221	0000000139	100099	210.0	1.0
0000000222	0000000140	100098	225.0	1.0
0000000223	0000000140	100099	270.0	1.0
0000000224	0000000141	100098	150.0	1.0
0000000225	0000000141	100099	180.0	1.0
0000000226	0000000142	100098	250.0	1.0
0000000227	0000000142	100099	300.0	1.0
0000000228	0000000143	100098	425.0	1.0
0000000229	0000000143	100099	510.0	1.0
0000000230	0000000144	100098	100.0	1.0
0000000231	0000000144	100099	120.0	1.0
0000000232	0000000145	100098	200.0	1.0
0000000233	0000000145	100099	240.0	1.0
0000000234	0000000146	100098	375.0	1.0
0000000235	0000000146	100099	450.0	1.0
0000000236	0000000147	100098	100.0	1.0
0000000237	0000000147	100099	120.0	1.0
0000000238	0000000148	100098	200.0	1.0
0000000239	0000000148	100099	240.0	1.0
0000000240	0000000149	100098	375.0	1.0
0000000241	0000000149	100099	450.0	1.0
0000000242	0000000150	100098	100.0	1.0
0000000243	0000000150	100099	120.0	1.0
0000000244	0000000151	100098	200.0	1.0
0000000245	0000000151	100099	240.0	1.0
0000000246	0000000152	100098	375.0	1.0
0000000247	0000000152	100099	450.0	1.0
0000000248	0000000153	100098	40.0	1.0
0000000249	0000000153	100099	48.0	1.0
0000000250	0000000154	100098	30.0	1.0
0000000251	0000000154	100099	36.0	1.0
0000000252	0000000155	100098	30.0	1.0
0000000253	0000000155	100099	36.0	1.0
0000000254	0000000156	100098	30.0	1.0
0000000255	0000000156	100099	36.0	1.0
0000000256	0000000157	100098	30.0	1.0
0000000257	0000000157	100099	36.0	1.0
0000000258	0000000158	100098	30.0	1.0
0000000259	0000000158	100099	36.0	1.0
0000000260	0000000159	100098	30.0	1.0
0000000261	0000000159	100099	36.0	1.0
0000000262	0000000160	100098	30.0	1.0
0000000263	0000000160	100099	36.0	1.0
0000000264	0000000161	100098	30.0	1.0
0000000265	0000000161	100099	36.0	1.0
0000000266	0000000162	100098	30.0	1.0
0000000267	0000000162	100099	36.0	1.0
0000000268	0000000163	100098	30.0	1.0
0000000269	0000000163	100099	36.0	1.0
0000000270	0000000164	100098	30.0	1.0
0000000271	0000000164	100099	36.0	1.0
0000000272	0000000165	100098	30.0	1.0
0000000273	0000000165	100099	36.0	1.0
0000000274	0000000166	100098	30.0	1.0
0000000275	0000000166	100099	36.0	1.0
0000000276	0000000167	100098	30.0	1.0
0000000277	0000000167	100099	36.0	1.0
0000000278	0000000168	100098	30.0	1.0
0000000279	0000000168	100099	36.0	1.0
0000000280	0000000169	100098	30.0	1.0
0000000281	0000000169	100099	36.0	1.0
0000000282	0000000170	100098	30.0	1.0
0000000283	0000000170	100099	36.0	1.0
0000000284	0000000171	100098	30.0	1.0
0000000285	0000000171	100099	36.0	1.0
0000000286	0000000172	100098	30.0	1.0
0000000287	0000000172	100099	36.0	1.0
0000000288	0000000173	100098	30.0	1.0
0000000289	0000000173	100099	36.0	1.0
0000000290	0000000174	100098	30.0	1.0
0000000291	0000000174	100099	36.0	1.0
0000000292	0000000175	100098	30.0	1.0
0000000293	0000000175	100099	36.0	1.0
0000000294	0000000176	100098	30.0	1.0
0000000295	0000000176	100099	36.0	1.0
0000000296	0000000177	100098	30.0	1.0
0000000297	0000000177	100099	36.0	1.0
0000000298	0000000178	100098	30.0	1.0
0000000299	0000000178	100099	36.0	1.0
0000000300	0000000179	100098	30.0	1.0
0000000301	0000000179	100099	36.0	1.0
0000000302	0000000180	100098	30.0	1.0
0000000303	0000000180	100099	36.0	1.0
0000000304	0000000181	100098	30.0	1.0
0000000305	0000000181	100099	36.0	1.0
0000000306	0000000182	06	50.0	1.0
0000000307	0000000182	09	70.0	1.0
0000000308	0000000183	06	30.0	1.0
0000000309	0000000183	09	50.0	1.0
0000000310	0000000184	06	100.0	1.0
0000000311	0000000184	09	120.0	1.0
0000000312	0000000185	06	120.0	1.0
0000000313	0000000185	09	140.0	1.0
0000000314	0000000186	06	50.0	1.0
0000000315	0000000186	09	70.0	1.0
0000000316	0000000187	06	100.0	1.0
0000000317	0000000187	09	120.0	1.0
0000000318	0000000188	06	150.0	1.0
0000000319	0000000188	09	170.0	1.0
0000000320	0000000189	06	200.0	1.0
0000000321	0000000189	09	220.0	1.0
0000000322	0000000190	06	250.0	1.0
0000000323	0000000190	09	270.0	1.0
0000000324	0000000191	06	75.0	1.0
0000000325	0000000191	09	95.0	1.0
0000000326	0000000192	06	125.0	1.0
0000000327	0000000192	09	145.0	1.0
0000000328	0000000193	06	175.0	1.0
0000000329	0000000193	09	195.0	1.0
0000000330	0000000194	06	225.0	1.0
0000000331	0000000194	09	245.0	1.0
0000000332	0000000195	06	75.0	1.0
0000000333	0000000195	09	95.0	1.0
0000000334	0000000196	06	125.0	1.0
0000000335	0000000196	09	145.0	1.0
0000000336	0000000197	06	175.0	1.0
0000000337	0000000197	09	195.0	1.0
0000000338	0000000198	06	225.0	1.0
0000000339	0000000198	09	245.0	1.0
0000000340	0000000199	06	150.0	1.0
0000000341	0000000199	09	150.0	1.0
0000000342	0000000200	06	250.0	1.0
0000000343	0000000200	09	250.0	1.0
0000000344	0000000201	06	500.0	1.0
0000000345	0000000201	09	500.0	1.0
0000000346	0000000202	06	30.0	1.0
0000000347	0000000202	09	50.0	1.0
0000000348	0000000203	06	30.0	1.0
0000000349	0000000203	09	50.0	1.0
0000000350	0000000204	06	30.0	1.0
0000000351	0000000204	09	50.0	1.0
0000000352	0000000205	06	30.0	1.0
0000000353	0000000205	09	40.0	1.0
0000000354	0000000206	06	30.0	1.0
0000000355	0000000206	09	40.0	1.0
0000000356	0000000207	06	30.0	1.0
0000000357	0000000207	09	40.0	1.0
0000000358	0000000208	06	30.0	1.0
0000000359	0000000208	09	40.0	1.0
0000000360	0000000209	06	30.0	1.0
0000000361	0000000209	09	40.0	1.0
0000000362	0000000210	06	30.0	1.0
0000000363	0000000210	09	40.0	1.0
0000000364	0000000211	06	30.0	1.0
0000000365	0000000211	09	40.0	1.0
0000000366	0000000212	06	30.0	1.0
0000000367	0000000212	09	40.0	1.0
0000000368	0000000213	06	30.0	1.0
0000000369	0000000213	09	40.0	1.0
0000000370	0000000214	06	30.0	1.0
0000000371	0000000214	09	40.0	1.0
0000000372	0000000215	06	30.0	1.0
0000000373	0000000215	09	40.0	1.0
0000000374	0000000216	06	30.0	1.0
0000000375	0000000216	09	40.0	1.0
0000000376	0000000217	06	30.0	1.0
0000000377	0000000217	09	40.0	1.0
0000000378	0000000218	06	30.0	1.0
0000000379	0000000218	09	40.0	1.0
0000000380	0000000219	06	30.0	1.0
0000000381	0000000219	09	40.0	1.0
0000000382	0000000220	06	30.0	1.0
0000000383	0000000220	09	40.0	1.0
0000000384	0000000221	06	30.0	1.0
0000000385	0000000221	09	40.0	1.0
0000000386	0000000222	06	30.0	1.0
0000000387	0000000222	09	40.0	1.0
0000000388	0000000223	06	30.0	1.0
0000000389	0000000223	09	40.0	1.0
0000000390	0000000224	06	30.0	1.0
0000000391	0000000224	09	40.0	1.0
0000000392	0000000225	06	30.0	1.0
0000000393	0000000225	09	40.0	1.0
0000000394	0000000226	06	30.0	1.0
0000000395	0000000226	09	40.0	1.0
0000000396	0000000227	06	30.0	1.0
0000000397	0000000227	09	40.0	1.0
0000000398	0000000228	06	30.0	1.0
0000000399	0000000228	09	40.0	1.0
0000000400	0000000229	08	30.0	1.0
0000000401	0000000230	08	30.0	1.0
0000000402	0000000231	08	45.0	1.0
0000000403	0000000232	08	45.0	1.0
0000000404	0000000233	08	45.0	1.0
0000000405	0000000234	08	75.0	1.0
0000000406	0000000235	08	60.0	1.0
0000000407	0000000236	08	45.0	1.0
0000000408	0000000237	08	45.0	1.0
0000000409	0000000238	08	60.0	1.0
0000000410	0000000239	08	45.0	1.0
0000000411	0000000240	08	45.0	1.0
0000000412	0000000241	08	45.0	1.0
0000000413	0000000242	08	40.0	1.0
0000000414	0000000243	08	40.0	1.0
0000000415	0000000244	08	30.0	1.0
0000000416	0000000245	08	30.0	1.0
0000000417	0000000246	08	30.0	1.0
0000000418	0000000247	08	30.0	1.0
0000000419	0000000248	08	30.0	1.0
0000000420	0000000249	08	30.0	1.0
0000000421	0000000250	08	30.0	1.0
0000000422	0000000251	08	30.0	1.0
0000000423	0000000252	08	30.0	1.0
0000000424	0000000253	08	30.0	1.0
0000000425	0000000254	08	30.0	1.0
0000000426	0000000255	08	30.0	1.0
0000000427	0000000256	08	30.0	1.0
0000000428	0000000257	08	30.0	1.0
0000000429	0000000258	08	30.0	1.0
0000000430	0000000259	08	30.0	1.0
0000000431	0000000260	08	30.0	1.0
0000000432	0000000261	08	30.0	1.0
0000000433	0000000262	08	30.0	1.0
0000000434	0000000263	08	30.0	1.0
0000000435	0000000264	08	30.0	1.0
0000000436	0000000265	08	15.0	1.0
0000000437	0000000266	08	30.0	1.0
0000000438	0000000267	08	30.0	1.0
0000000439	0000000268	08	30.0	1.0
0000000440	0000000269	08	30.0	1.0
0000000441	0000000270	08	30.0	1.0
0000000442	0000000271	08	30.0	1.0
0000000443	0000000272	08	30.0	1.0
0000000444	0000000273	08	30.0	1.0
0000000445	0000000274	CC-001	75.0	1.0
0000000446	0000000274	CC-002	100.0	1.0
0000000447	0000000274	CC-003	120.0	1.0
0000000448	0000000275	CC-001	20.0	1.0
0000000449	0000000275	CC-002	25.0	1.0
0000000450	0000000275	CC-003	30.0	1.0
0000000451	0000000276	CC-001	50.0	1.0
0000000452	0000000276	CC-002	55.0	1.0
0000000453	0000000276	CC-003	60.0	1.0
0000000454	0000000277	CC-001	100.0	1.0
0000000455	0000000277	CC-002	130.0	1.0
0000000456	0000000277	CC-003	150.0	1.0
0000000457	0000000278	CC-001	60.0	1.0
0000000458	0000000278	CC-002	70.0	1.0
0000000459	0000000278	CC-003	80.0	1.0
0000000460	0000000279	CC-001	90.0	1.0
0000000461	0000000279	CC-002	100.0	1.0
0000000462	0000000279	CC-003	120.0	1.0
0000000463	0000000280	CC-001	110.0	1.0
0000000464	0000000280	CC-002	120.0	1.0
0000000465	0000000280	CC-003	140.0	1.0
0000000466	0000000281	CC-001	125.0	1.0
0000000467	0000000281	CC-002	140.0	1.0
0000000468	0000000281	CC-003	160.0	1.0
0000000469	0000000282	CC-001	60.0	1.0
0000000470	0000000282	CC-002	80.0	1.0
0000000471	0000000282	CC-003	100.0	1.0
0000000472	0000000283	CC-001	80.0	1.0
0000000473	0000000283	CC-002	100.0	1.0
0000000474	0000000283	CC-003	120.0	1.0
0000000475	0000000284	CC-001	120.0	1.0
0000000476	0000000284	CC-002	140.0	1.0
0000000477	0000000284	CC-003	160.0	1.0
0000000478	0000000285	CC-001	60.0	1.0
0000000479	0000000285	CC-002	80.0	1.0
0000000480	0000000285	CC-003	100.0	1.0
0000000481	0000000286	CC-001	80.0	1.0
0000000482	0000000286	CC-002	100.0	1.0
0000000483	0000000286	CC-003	120.0	1.0
0000000484	0000000287	CC-001	120.0	1.0
0000000485	0000000287	CC-002	140.0	1.0
0000000486	0000000287	CC-003	160.0	1.0
0000000487	0000000288	CC-001	60.0	1.0
0000000488	0000000288	CC-002	80.0	1.0
0000000489	0000000288	CC-003	100.0	1.0
0000000490	0000000289	CC-001	80.0	1.0
0000000491	0000000289	CC-002	100.0	1.0
0000000492	0000000289	CC-003	120.0	1.0
0000000493	0000000290	CC-001	120.0	1.0
0000000494	0000000290	CC-002	140.0	1.0
0000000495	0000000290	CC-003	160.0	1.0
0000000496	0000000291	CC-001	60.0	1.0
0000000497	0000000291	CC-002	80.0	1.0
0000000498	0000000291	CC-003	100.0	1.0
0000000499	0000000292	CC-001	80.0	1.0
0000000500	0000000292	CC-002	100.0	1.0
0000000501	0000000292	CC-003	120.0	1.0
0000000502	0000000293	CC-001	120.0	1.0
0000000503	0000000293	CC-002	140.0	1.0
0000000504	0000000293	CC-003	160.0	1.0
0000000505	0000000294	CC-001	80.0	1.0
0000000506	0000000294	CC-002	90.0	1.0
0000000507	0000000294	CC-003	100.0	1.0
0000000508	0000000295	CC-001	100.0	1.0
0000000509	0000000295	CC-002	110.0	1.0
0000000510	0000000295	CC-003	120.0	1.0
0000000511	0000000296	CC-001	140.0	1.0
0000000512	0000000296	CC-002	150.0	1.0
0000000513	0000000296	CC-003	160.0	1.0
0000000514	0000000297	CC-001	80.0	1.0
0000000515	0000000297	CC-002	90.0	1.0
0000000516	0000000297	CC-003	100.0	1.0
0000000517	0000000298	CC-001	100.0	1.0
0000000518	0000000298	CC-002	110.0	1.0
0000000519	0000000298	CC-003	120.0	1.0
0000000520	0000000299	CC-001	140.0	1.0
0000000521	0000000299	CC-002	150.0	1.0
0000000522	0000000299	CC-003	160.0	1.0
0000000523	0000000300	CC-001	25.0	1.0
0000000524	0000000300	CC-002	30.0	1.0
0000000525	0000000300	CC-003	40.0	1.0
0000000526	0000000301	CC-001	25.0	1.0
0000000527	0000000301	CC-002	30.0	1.0
0000000528	0000000301	CC-003	40.0	1.0
0000000529	0000000302	CC-001	25.0	1.0
0000000530	0000000302	CC-002	30.0	1.0
0000000531	0000000302	CC-003	40.0	1.0
0000000532	0000000303	CC-001	45.0	1.0
0000000533	0000000303	CC-002	65.0	1.0
0000000534	0000000303	CC-003	85.0	1.0
0000000535	0000000304	CC-001	45.0	1.0
0000000536	0000000304	CC-002	65.0	1.0
0000000537	0000000304	CC-003	85.0	1.0
0000000538	0000000305	CC-001	25.0	1.0
0000000539	0000000305	CC-002	40.0	1.0
0000000540	0000000305	CC-003	60.0	1.0
0000000541	0000000306	CC-001	25.0	1.0
0000000542	0000000306	CC-002	40.0	1.0
0000000543	0000000306	CC-003	60.0	1.0
0000000544	0000000307	CC-001	25.0	1.0
0000000545	0000000307	CC-002	40.0	1.0
0000000546	0000000307	CC-003	60.0	1.0
0000000547	0000000308	CC-001	25.0	1.0
0000000548	0000000308	CC-002	40.0	1.0
0000000549	0000000308	CC-003	60.0	1.0
0000000550	0000000309	CC-001	25.0	1.0
0000000551	0000000309	CC-002	30.0	1.0
0000000552	0000000309	CC-003	40.0	1.0
0000000553	0000000310	CC-001	25.0	1.0
0000000554	0000000310	CC-002	30.0	1.0
0000000555	0000000310	CC-003	40.0	1.0
0000000556	0000000311	CC-001	25.0	1.0
0000000557	0000000311	CC-002	30.0	1.0
0000000558	0000000311	CC-003	40.0	1.0
0000000559	0000000312	CC-001	25.0	1.0
0000000560	0000000312	CC-002	30.0	1.0
0000000561	0000000312	CC-003	40.0	1.0
0000000562	0000000313	CC-001	25.0	1.0
0000000563	0000000313	CC-002	30.0	1.0
0000000564	0000000313	CC-003	40.0	1.0
0000000565	0000000314	CC-001	25.0	1.0
0000000566	0000000314	CC-002	30.0	1.0
0000000567	0000000314	CC-003	40.0	1.0
0000000568	0000000315	CC-001	25.0	1.0
0000000569	0000000315	CC-002	30.0	1.0
0000000570	0000000315	CC-003	40.0	1.0
0000000571	0000000316	CC-001	25.0	1.0
0000000572	0000000316	CC-002	30.0	1.0
0000000573	0000000316	CC-003	40.0	1.0
0000000574	0000000317	CC-001	25.0	1.0
0000000575	0000000317	CC-002	30.0	1.0
0000000576	0000000317	CC-003	40.0	1.0
0000000577	0000000318	CC-001	25.0	1.0
0000000578	0000000318	CC-002	30.0	1.0
0000000579	0000000318	CC-003	40.0	1.0
0000000580	0000000319	CC-001	25.0	1.0
0000000581	0000000319	CC-002	30.0	1.0
0000000582	0000000319	CC-003	40.0	1.0
0000000583	0000000320	CC-001	25.0	1.0
0000000584	0000000320	CC-002	30.0	1.0
0000000585	0000000320	CC-003	40.0	1.0
0000000586	0000000321	CC-001	25.0	1.0
0000000587	0000000321	CC-002	30.0	1.0
0000000588	0000000321	CC-003	40.0	1.0
0000000589	0000000322	CC-001	25.0	1.0
0000000590	0000000322	CC-002	30.0	1.0
0000000591	0000000322	CC-003	40.0	1.0
0000000592	0000000323	CC-001	25.0	1.0
0000000593	0000000323	CC-002	30.0	1.0
0000000594	0000000323	CC-003	40.0	1.0
0000000595	0000000324	CC-001	25.0	1.0
0000000596	0000000324	CC-002	30.0	1.0
0000000597	0000000324	CC-003	40.0	1.0
0000000598	0000000325	CC-001	25.0	1.0
0000000599	0000000325	CC-002	30.0	1.0
0000000600	0000000325	CC-003	40.0	1.0
0000000601	0000000326	CC-001	25.0	1.0
0000000602	0000000326	CC-002	30.0	1.0
0000000603	0000000326	CC-003	40.0	1.0
0000000604	0000000327	CC-001	25.0	1.0
0000000605	0000000327	CC-002	30.0	1.0
0000000606	0000000327	CC-003	40.0	1.0
0000000607	0000000328	7121	85.0	1.0
0000000608	0000000328	02	170.0	1.0
0000000609	0000000329	7121	85.0	1.0
0000000610	0000000329	02	170.0	1.0
0000000611	0000000330	7121	85.0	1.0
0000000612	0000000330	02	170.0	1.0
0000000613	0000000331	7121	85.0	1.0
0000000614	0000000331	02	170.0	1.0
0000000615	0000000332	7121	85.0	1.0
0000000616	0000000332	02	170.0	1.0
0000000617	0000000333	7121	85.0	1.0
0000000618	0000000333	02	170.0	1.0
0000000619	0000000334	7121	105.0	1.0
0000000620	0000000334	02	190.0	1.0
0000000621	0000000335	7121	65.0	1.0
0000000622	0000000335	02	90.0	1.0
0000000623	0000000336	7121	65.0	1.0
0000000624	0000000336	02	90.0	1.0
0000000625	0000000337	7121	45.0	1.0
0000000626	0000000337	02	70.0	1.0
0000000627	0000000338	7121	45.0	1.0
0000000628	0000000338	02	70.0	1.0
0000000629	0000000339	7121	45.0	1.0
0000000630	0000000339	02	70.0	1.0
0000000631	0000000340	7121	45.0	1.0
0000000632	0000000340	02	70.0	1.0
0000000633	0000000341	7121	45.0	1.0
0000000634	0000000341	02	70.0	1.0
0000000635	0000000342	7121	45.0	1.0
0000000636	0000000342	02	70.0	1.0
0000000637	0000000343	7121	45.0	1.0
0000000638	0000000343	02	70.0	1.0
0000000639	0000000344	7121	45.0	1.0
0000000640	0000000344	02	70.0	1.0
0000000641	0000000345	7121	45.0	1.0
0000000642	0000000345	02	70.0	1.0
0000000643	0000000346	7121	45.0	1.0
0000000644	0000000346	02	70.0	1.0
0000000645	0000000347	7121	45.0	1.0
0000000646	0000000347	02	70.0	1.0
0000000647	0000000348	7121	45.0	1.0
0000000648	0000000348	02	70.0	1.0
0000000649	0000000349	7121	45.0	1.0
0000000650	0000000349	02	70.0	1.0
0000000651	0000000350	7121	45.0	1.0
0000000652	0000000350	02	70.0	1.0
0000000653	0000000351	7121	45.0	1.0
0000000654	0000000351	02	70.0	1.0
0000000655	0000000352	7121	45.0	1.0
0000000656	0000000352	02	70.0	1.0
0000000657	0000000353	7121	45.0	1.0
0000000658	0000000353	02	70.0	1.0
0000000659	0000000354	7121	45.0	1.0
0000000660	0000000354	02	70.0	1.0
0000000661	0000000355	7121	45.0	1.0
0000000662	0000000355	02	70.0	1.0
0000000663	0000000356	7121	45.0	1.0
0000000664	0000000356	02	70.0	1.0
0000000665	0000000357	7121	45.0	1.0
0000000666	0000000357	02	70.0	1.0
0000000667	0000000358	7121	45.0	1.0
0000000668	0000000358	02	70.0	1.0
0000000669	0000000359	7121	45.0	1.0
0000000670	0000000359	02	70.0	1.0
0000000671	0000000360	7121	45.0	1.0
0000000672	0000000360	02	70.0	1.0
0000000673	0000000361	7121	45.0	1.0
0000000674	0000000361	02	70.0	1.0
0000000675	0000000362	7121	45.0	1.0
0000000676	0000000362	02	70.0	1.0
0000000677	0000000363	7121	45.0	1.0
0000000678	0000000363	02	70.0	1.0
0000000679	0000000364	7121	45.0	1.0
0000000680	0000000364	02	70.0	1.0
0000000681	0000000365	7121	45.0	1.0
0000000682	0000000365	02	70.0	1.0
0000000683	0000000366	7121	45.0	1.0
0000000684	0000000366	02	70.0	1.0
0000000685	0000000367	7121	45.0	1.0
0000000686	0000000367	02	70.0	1.0
0000000687	0000000368	7121	45.0	1.0
0000000688	0000000368	02	70.0	1.0
0000000689	0000000369	003	90.0	1.0
0000000690	0000000370	003	45.0	1.0
0000000691	0000000371	003	60.0	1.0
0000000692	0000000372	003	124.0	1.0
0000000693	0000000373	003	102.0	1.0
0000000694	0000000374	003	180.0	1.0
0000000695	0000000375	003	210.0	1.0
0000000696	0000000376	003	180.0	1.0
0000000697	0000000377	003	210.0	1.0
0000000698	0000000378	003	155.0	1.0
0000000699	0000000379	003	180.0	1.0
0000000700	0000000380	003	155.0	1.0
0000000701	0000000381	003	155.0	1.0
0000000702	0000000382	003	205.0	1.0
0000000703	0000000383	003	205.0	1.0
0000000704	0000000384	003	35.0	1.0
0000000705	0000000385	003	45.0	1.0
0000000706	0000000386	003	70.0	1.0
0000000707	0000000387	003	70.0	1.0
0000000708	0000000388	003	60.0	1.0
0000000709	0000000389	003	35.0	1.0
0000000710	0000000390	003	40.0	1.0
0000000711	0000000391	003	40.0	1.0
0000000712	0000000392	003	40.0	1.0
0000000713	0000000393	003	40.0	1.0
0000000714	0000000394	003	40.0	1.0
0000000715	0000000395	003	40.0	1.0
0000000716	0000000396	003	35.0	1.0
0000000717	0000000397	003	35.0	1.0
0000000718	0000000398	003	35.0	1.0
0000000719	0000000399	003	35.0	1.0
0000000720	0000000400	003	35.0	1.0
0000000721	0000000401	003	35.0	1.0
0000000722	0000000402	003	35.0	1.0
0000000723	0000000403	003	35.0	1.0
0000000724	0000000404	003	35.0	1.0
0000000725	0000000405	003	35.0	1.0
0000000726	0000000406	003	35.0	1.0
0000000727	0000000407	003	35.0	1.0
0000000728	0000000408	003	35.0	1.0
0000000729	0000000409	003	35.0	1.0
0000000730	0000000410	003	35.0	1.0
0000000731	0000000411	003	35.0	1.0
0000000732	0000000412	003	35.0	1.0
0000000733	0000000413	003	35.0	1.0
0000000734	0000000414	003	35.0	1.0
0000000735	0000000415	05	30.0	1.0
0000000736	0000000415	02	30.0	1.0
0000000737	0000000416	05	35.0	1.0
0000000738	0000000416	02	40.0	1.0
0000000739	0000000417	05	45.0	1.0
0000000740	0000000417	02	50.0	1.0
0000000741	0000000418	05	60.0	1.0
0000000742	0000000418	02	60.0	1.0
0000000743	0000000419	05	30.0	1.0
0000000744	0000000419	02	30.0	1.0
0000000745	0000000420	05	35.0	1.0
0000000746	0000000420	02	40.0	1.0
0000000747	0000000421	05	45.0	1.0
0000000748	0000000421	02	50.0	1.0
0000000749	0000000422	05	60.0	1.0
0000000750	0000000422	02	60.0	1.0
0000000751	0000000423	05	30.0	1.0
0000000752	0000000423	02	30.0	1.0
0000000753	0000000424	05	35.0	1.0
0000000754	0000000424	02	40.0	1.0
0000000755	0000000425	05	45.0	1.0
0000000756	0000000425	02	50.0	1.0
0000000757	0000000426	05	60.0	1.0
0000000758	0000000426	02	60.0	1.0
0000000759	0000000427	05	30.0	1.0
0000000760	0000000427	02	30.0	1.0
0000000761	0000000428	05	35.0	1.0
0000000762	0000000428	02	40.0	1.0
0000000763	0000000429	05	45.0	1.0
0000000764	0000000429	02	50.0	1.0
0000000765	0000000430	05	60.0	1.0
0000000766	0000000430	02	60.0	1.0
0000000767	0000000431	05	30.0	1.0
0000000768	0000000431	02	30.0	1.0
0000000769	0000000432	05	35.0	1.0
0000000770	0000000432	02	40.0	1.0
0000000771	0000000433	05	45.0	1.0
0000000772	0000000433	02	50.0	1.0
0000000773	0000000434	05	60.0	1.0
0000000774	0000000434	02	60.0	1.0
0000000775	0000000435	05	30.0	1.0
0000000776	0000000435	02	30.0	1.0
0000000777	0000000436	05	35.0	1.0
0000000778	0000000436	02	40.0	1.0
0000000779	0000000437	05	45.0	1.0
0000000780	0000000437	02	50.0	1.0
0000000781	0000000438	05	60.0	1.0
0000000782	0000000438	02	60.0	1.0
0000000783	0000000439	05	30.0	1.0
0000000784	0000000439	02	30.0	1.0
0000000785	0000000440	05	35.0	1.0
0000000786	0000000440	02	40.0	1.0
0000000787	0000000441	05	45.0	1.0
0000000788	0000000441	02	50.0	1.0
0000000789	0000000442	05	60.0	1.0
0000000790	0000000442	02	60.0	1.0
0000000791	0000000443	05	30.0	1.0
0000000792	0000000443	02	30.0	1.0
0000000793	0000000444	05	35.0	1.0
0000000794	0000000444	02	40.0	1.0
0000000795	0000000445	05	45.0	1.0
0000000796	0000000445	02	50.0	1.0
0000000797	0000000446	05	60.0	1.0
0000000798	0000000446	02	60.0	1.0
0000000799	0000000447	05	30.0	1.0
0000000800	0000000447	02	30.0	1.0
0000000801	0000000448	05	35.0	1.0
0000000802	0000000448	02	40.0	1.0
0000000803	0000000449	05	45.0	1.0
0000000804	0000000449	02	50.0	1.0
0000000805	0000000450	05	60.0	1.0
0000000806	0000000450	02	60.0	1.0
0000000807	0000000451	05	30.0	1.0
0000000808	0000000451	02	30.0	1.0
0000000809	0000000452	05	35.0	1.0
0000000810	0000000452	02	40.0	1.0
0000000811	0000000453	05	45.0	1.0
0000000812	0000000453	02	50.0	1.0
0000000813	0000000454	05	60.0	1.0
0000000814	0000000454	02	60.0	1.0
0000000815	0000000455	05	30.0	1.0
0000000816	0000000455	02	30.0	1.0
0000000817	0000000456	05	35.0	1.0
0000000818	0000000456	02	40.0	1.0
0000000819	0000000457	05	45.0	1.0
0000000820	0000000457	02	50.0	1.0
0000000821	0000000458	05	60.0	1.0
0000000822	0000000458	02	60.0	1.0
0000000823	0000000459	05	30.0	1.0
0000000824	0000000459	02	30.0	1.0
0000000825	0000000460	05	35.0	1.0
0000000826	0000000460	02	40.0	1.0
0000000827	0000000461	05	45.0	1.0
0000000828	0000000461	02	50.0	1.0
0000000829	0000000462	05	60.0	1.0
0000000830	0000000462	02	60.0	1.0
0000000831	0000000463	05	30.0	1.0
0000000832	0000000463	02	30.0	1.0
0000000833	0000000466	05	30.0	1.0
0000000834	0000000466	02	30.0	1.0
0000000835	0000000469	05	30.0	1.0
0000000836	0000000469	02	30.0	1.0
0000000837	0000000472	05	30.0	1.0
0000000838	0000000472	02	30.0	1.0
0000000839	0000000473	05	30.0	1.0
0000000840	0000000473	02	30.0	1.0
0000000841	0000000474	05	30.0	1.0
0000000842	0000000474	02	30.0	1.0
0000000843	0000000475	05	30.0	1.0
0000000844	0000000475	02	30.0	1.0
0000000845	0000000476	05	35.0	1.0
0000000846	0000000476	02	40.0	1.0
0000000847	0000000477	05	45.0	1.0
0000000848	0000000477	02	50.0	1.0
0000000849	0000000478	05	60.0	1.0
0000000850	0000000478	02	60.0	1.0
0000000851	0000000479	05	30.0	1.0
0000000852	0000000479	02	30.0	1.0
0000000853	0000000480	05	35.0	1.0
0000000854	0000000480	02	40.0	1.0
0000000855	0000000481	05	45.0	1.0
0000000856	0000000481	02	50.0	1.0
0000000857	0000000482	05	60.0	1.0
0000000858	0000000482	02	60.0	1.0
0000000859	0000000483	05	30.0	1.0
0000000860	0000000483	02	30.0	1.0
0000000861	0000000484	05	35.0	1.0
0000000862	0000000484	02	40.0	1.0
0000000863	0000000485	05	45.0	1.0
0000000864	0000000485	02	50.0	1.0
0000000865	0000000486	05	60.0	1.0
0000000866	0000000486	02	60.0	1.0
0000000867	0000000487	05	30.0	1.0
0000000868	0000000487	02	30.0	1.0
0000000869	0000000488	05	35.0	1.0
0000000870	0000000488	02	40.0	1.0
0000000871	0000000489	05	45.0	1.0
0000000872	0000000489	02	50.0	1.0
0000000873	0000000490	05	60.0	1.0
0000000874	0000000490	02	60.0	1.0
0000000875	0000000491	05	30.0	1.0
0000000876	0000000491	02	30.0	1.0
0000000877	0000000492	05	35.0	1.0
0000000878	0000000492	02	40.0	1.0
0000000879	0000000493	05	45.0	1.0
0000000880	0000000493	02	50.0	1.0
0000000881	0000000494	05	60.0	1.0
0000000882	0000000494	02	60.0	1.0
0000000883	0000000495	05	30.0	1.0
0000000884	0000000495	02	30.0	1.0
0000000885	0000000496	05	35.0	1.0
0000000886	0000000496	02	40.0	1.0
0000000887	0000000497	05	45.0	1.0
0000000888	0000000497	02	50.0	1.0
0000000889	0000000498	05	60.0	1.0
0000000890	0000000498	02	60.0	1.0
0000000891	0000000499	05	30.0	1.0
0000000892	0000000499	02	30.0	1.0
0000000893	0000000500	05	35.0	1.0
0000000894	0000000500	02	40.0	1.0
0000000895	0000000501	05	45.0	1.0
0000000896	0000000501	02	50.0	1.0
0000000897	0000000502	05	60.0	1.0
0000000898	0000000502	02	60.0	1.0
0000000899	0000000503	05	30.0	1.0
0000000900	0000000503	02	30.0	1.0
0000000901	0000000504	05	35.0	1.0
0000000902	0000000504	02	40.0	1.0
0000000903	0000000505	05	45.0	1.0
0000000904	0000000505	02	50.0	1.0
0000000905	0000000506	05	60.0	1.0
0000000906	0000000506	02	60.0	1.0
0000000907	0000000507	05	30.0	1.0
0000000908	0000000507	02	30.0	1.0
0000000909	0000000508	05	35.0	1.0
0000000910	0000000508	02	40.0	1.0
0000000911	0000000509	05	45.0	1.0
0000000912	0000000509	02	50.0	1.0
0000000913	0000000510	05	60.0	1.0
0000000914	0000000510	02	60.0	1.0
0000000915	0000000511	05	30.0	1.0
0000000916	0000000511	02	30.0	1.0
0000000917	0000000512	05	35.0	1.0
0000000918	0000000512	02	40.0	1.0
0000000919	0000000513	05	45.0	1.0
0000000920	0000000513	02	50.0	1.0
0000000921	0000000514	05	60.0	1.0
0000000922	0000000514	02	60.0	1.0
0000000923	0000000515	05	30.0	1.0
0000000924	0000000515	02	30.0	1.0
0000000925	0000000516	05	35.0	1.0
0000000926	0000000516	02	40.0	1.0
0000000927	0000000517	05	45.0	1.0
0000000928	0000000517	02	50.0	1.0
0000000929	0000000518	05	60.0	1.0
0000000930	0000000518	02	60.0	1.0
0000000931	0000000519	05	30.0	1.0
0000000932	0000000519	02	30.0	1.0
0000000933	0000000520	05	35.0	1.0
0000000934	0000000520	02	40.0	1.0
0000000935	0000000521	05	45.0	1.0
0000000936	0000000521	02	50.0	1.0
0000000937	0000000522	05	60.0	1.0
0000000938	0000000522	02	60.0	1.0
0000000939	0000000523	05	30.0	1.0
0000000940	0000000523	02	30.0	1.0
0000000941	0000000524	05	35.0	1.0
0000000942	0000000524	02	40.0	1.0
0000000943	0000000525	05	45.0	1.0
0000000944	0000000525	02	50.0	1.0
0000000945	0000000526	05	60.0	1.0
0000000946	0000000526	02	60.0	1.0
0000000947	0000000527	05	30.0	1.0
0000000948	0000000527	02	30.0	1.0
0000000949	0000000528	05	35.0	1.0
0000000950	0000000528	02	40.0	1.0
0000000951	0000000529	05	45.0	1.0
0000000952	0000000529	02	50.0	1.0
0000000953	0000000530	05	60.0	1.0
0000000954	0000000530	02	60.0	1.0
0000000955	0000000531	05	30.0	1.0
0000000956	0000000531	02	30.0	1.0
0000000957	0000000532	05	35.0	1.0
0000000958	0000000532	02	40.0	1.0
0000000959	0000000533	05	45.0	1.0
0000000960	0000000533	02	50.0	1.0
0000000961	0000000534	05	60.0	1.0
0000000962	0000000534	02	60.0	1.0
0000000963	0000000535	05	30.0	1.0
0000000964	0000000535	02	30.0	1.0
0000000965	0000000536	05	35.0	1.0
0000000966	0000000536	02	40.0	1.0
0000000967	0000000537	05	45.0	1.0
0000000968	0000000537	02	50.0	1.0
0000000969	0000000538	05	60.0	1.0
0000000970	0000000538	02	60.0	1.0
0000000971	0000000539	05	30.0	1.0
0000000972	0000000539	02	30.0	1.0
0000000973	0000000540	05	35.0	1.0
0000000974	0000000540	02	40.0	1.0
0000000975	0000000541	05	45.0	1.0
0000000976	0000000541	02	50.0	1.0
0000000977	0000000542	05	60.0	1.0
0000000978	0000000542	02	60.0	1.0
0000000979	0000000543	05	30.0	1.0
0000000980	0000000543	02	30.0	1.0
0000000981	0000000544	05	35.0	1.0
0000000982	0000000544	02	40.0	1.0
0000000983	0000000545	05	45.0	1.0
0000000984	0000000545	02	50.0	1.0
0000000985	0000000546	05	60.0	1.0
0000000986	0000000546	02	60.0	1.0
0000000987	0000000547	05	30.0	1.0
0000000988	0000000547	02	30.0	1.0
0000000989	0000000548	05	35.0	1.0
0000000990	0000000548	02	40.0	1.0
0000000991	0000000549	05	45.0	1.0
0000000992	0000000549	02	50.0	1.0
0000000993	0000000550	05	60.0	1.0
0000000994	0000000550	02	60.0	1.0
0000000995	0000000551	05	30.0	1.0
0000000996	0000000551	02	30.0	1.0
0000000997	0000000552	05	35.0	1.0
0000000998	0000000552	02	40.0	1.0
0000000999	0000000553	05	45.0	1.0
0000001000	0000000553	02	50.0	1.0
0000001001	0000000554	05	60.0	1.0
0000001002	0000000554	02	60.0	1.0
0000001003	0000000555	05	30.0	1.0
0000001004	0000000555	02	30.0	1.0
0000001005	0000000556	05	35.0	1.0
0000001006	0000000556	02	40.0	1.0
0000001007	0000000557	05	45.0	1.0
0000001008	0000000557	02	50.0	1.0
0000001009	0000000558	05	60.0	1.0
0000001010	0000000558	02	60.0	1.0
0000001011	0000000559	05	30.0	1.0
0000001012	0000000559	02	30.0	1.0
0000001013	0000000560	05	35.0	1.0
0000001014	0000000560	02	40.0	1.0
0000001015	0000000561	05	45.0	1.0
0000001016	0000000561	02	50.0	1.0
0000001017	0000000562	05	60.0	1.0
0000001018	0000000562	02	60.0	1.0
0000001019	0000000563	05	30.0	1.0
0000001020	0000000563	02	30.0	1.0
0000001021	0000000564	05	35.0	1.0
0000001022	0000000564	02	40.0	1.0
0000001023	0000000565	05	45.0	1.0
0000001024	0000000565	02	50.0	1.0
0000001025	0000000566	05	60.0	1.0
0000001026	0000000566	02	60.0	1.0
0000001027	0000000567	05	30.0	1.0
0000001028	0000000567	02	30.0	1.0
0000001029	0000000568	05	35.0	1.0
0000001030	0000000568	02	40.0	1.0
0000001031	0000000569	05	45.0	1.0
0000001032	0000000569	02	50.0	1.0
0000001033	0000000570	05	60.0	1.0
0000001034	0000000570	02	60.0	1.0
0000001035	0000000571	05	30.0	1.0
0000001036	0000000571	02	30.0	1.0
0000001037	0000000572	05	30.0	1.0
0000001038	0000000572	02	30.0	1.0
0000001039	0000000573	05	30.0	1.0
0000001040	0000000573	02	30.0	1.0
0000001041	0000000574	05	30.0	1.0
0000001042	0000000574	02	30.0	1.0
0000001043	0000000575	05	30.0	1.0
0000001044	0000000575	02	40.0	1.0
0000001045	0000000576	05	30.0	1.0
0000001046	0000000576	02	40.0	1.0
0000001047	0000000577	05	30.0	1.0
0000001048	0000000577	02	40.0	1.0
0000001049	0000000578	05	30.0	1.0
0000001050	0000000578	02	60.0	1.0
0000001051	0000000579	05	35.0	1.0
0000001052	0000000579	02	80.0	1.0
0000001053	0000000580	05	45.0	1.0
0000001054	0000000580	02	100.0	1.0
0000001055	0000000581	05	60.0	1.0
0000001056	0000000581	02	120.0	1.0
0000001057	0000000582	05	30.0	1.0
0000001058	0000000582	02	60.0	1.0
0000001059	0000000583	05	35.0	1.0
0000001060	0000000583	02	80.0	1.0
0000001061	0000000584	05	45.0	1.0
0000001062	0000000584	02	100.0	1.0
0000001063	0000000585	05	60.0	1.0
0000001064	0000000585	02	120.0	1.0
0000001065	0000000586	05	30.0	1.0
0000001066	0000000586	02	60.0	1.0
0000001067	0000000587	05	35.0	1.0
0000001068	0000000587	02	80.0	1.0
0000001069	0000000588	05	45.0	1.0
0000001070	0000000588	02	100.0	1.0
0000001071	0000000589	05	60.0	1.0
0000001072	0000000589	02	120.0	1.0
0000001073	0000000590	05	30.0	1.0
0000001074	0000000590	02	70.0	1.0
0000001075	0000000591	05	35.0	1.0
0000001076	0000000591	02	90.0	1.0
0000001077	0000000592	05	45.0	1.0
0000001078	0000000592	02	110.0	1.0
0000001079	0000000593	05	60.0	1.0
0000001080	0000000593	02	130.0	1.0
0000001081	0000000594	05	30.0	1.0
0000001082	0000000594	02	70.0	1.0
0000001083	0000000595	05	35.0	1.0
0000001084	0000000595	02	90.0	1.0
0000001085	0000000596	05	45.0	1.0
0000001086	0000000596	02	110.0	1.0
0000001087	0000000597	05	60.0	1.0
0000001088	0000000597	02	130.0	1.0
0000001089	0000000598	05	30.0	1.0
0000001090	0000000598	02	70.0	1.0
0000001091	0000000599	05	35.0	1.0
0000001092	0000000599	02	90.0	1.0
0000001093	0000000600	05	45.0	1.0
0000001094	0000000600	02	110.0	1.0
0000001095	0000000601	05	60.0	1.0
0000001096	0000000601	02	130.0	1.0
0000001097	0000000602	05	30.0	1.0
0000001098	0000000602	02	80.0	1.0
0000001099	0000000603	05	30.0	1.0
0000001100	0000000603	02	70.0	1.0
0000001101	0000000604	05	35.0	1.0
0000001102	0000000604	02	90.0	1.0
0000001103	0000000605	05	45.0	1.0
0000001104	0000000605	02	110.0	1.0
0000001105	0000000606	05	60.0	1.0
0000001106	0000000606	02	130.0	1.0
0000001107	0000000607	05	30.0	1.0
0000001108	0000000607	02	35.0	1.0
0000001109	0000000608	05	35.0	1.0
0000001110	0000000608	02	45.0	1.0
0000001111	0000000609	05	30.0	1.0
0000001112	0000000609	02	30.0	1.0
0000001113	0000000610	05	30.0	1.0
0000001114	0000000610	02	60.0	1.0
0000001115	0000000611	05	20.0	1.0
0000001116	0000000611	02	20.0	1.0
0000001125	0000000616	05	30.0	1.0
0000001126	0000000616	02	15.0	1.0
0000001127	0000000617	05	30.0	1.0
0000001128	0000000617	02	15.0	1.0
0000001129	0000000618	05	30.0	1.0
0000001130	0000000618	02	15.0	1.0
0000001131	0000000619	05	30.0	1.0
0000001132	0000000619	02	15.0	1.0
0000001133	0000000620	05	30.0	1.0
0000001134	0000000620	02	15.0	1.0
0000001135	0000000621	05	30.0	1.0
0000001136	0000000621	02	15.0	1.0
0000001137	0000000622	05	30.0	1.0
0000001138	0000000622	02	15.0	1.0
0000001139	0000000623	05	30.0	1.0
0000001140	0000000623	02	15.0	1.0
0000001141	0000000624	05	30.0	1.0
0000001142	0000000624	02	15.0	1.0
0000001143	0000000625	05	30.0	1.0
0000001144	0000000625	02	15.0	1.0
0000001145	0000000626	05	30.0	1.0
0000001146	0000000626	02	15.0	1.0
0000001147	0000000627	05	30.0	1.0
0000001148	0000000627	02	15.0	1.0
0000001149	0000000628	05	30.0	1.0
0000001150	0000000628	02	15.0	1.0
0000001157	0000000629	05	30.0	1.0
0000001158	0000000629	02	15.0	1.0
0000001169	0000000630	05	30.0	1.0
0000001170	0000000630	02	15.0	1.0
0000001175	0000000631	05	30.0	1.0
0000001176	0000000631	02	15.0	1.0
0000001177	0000000632	05	30.0	1.0
0000001178	0000000633	05	30.0	1.0
0000001179	0000000634	05	30.0	1.0
0000001180	0000000635	05	30.0	1.0
0000001181	0000000632	02	30.0	1.0
0000001182	0000000633	02	30.0	1.0
0000001183	0000000634	02	30.0	1.0
0000001184	0000000635	02	30.0	1.0
0000001185	0000000636	M	.64000000000000001	1.0
0000001186	0000000637	M	.59999999999999998	1.0
0000001187	0000000638	M	.56999999999999995	1.0
0000001188	0000000639	M	.55000000000000004	1.0
0000001189	0000000640	M	.53000000000000003	1.0
0000001190	0000000641	M	.48999999999999999	1.0
0000001191	0000000642	M	.39000000000000001	1.0
0000001192	0000000643	M	.28000000000000003	1.0
0000001193	0000000644	M	.64000000000000001	1.0
0000001194	0000000645	M	.59999999999999998	1.0
0000001195	0000000646	M	.56999999999999995	1.0
0000001196	0000000647	M	.55000000000000004	1.0
0000001197	0000000648	M	.53000000000000003	1.0
0000001198	0000000649	M	.48999999999999999	1.0
0000001199	0000000650	M	.39000000000000001	1.0
0000001200	0000000651	M	.28000000000000003	1.0
0000001201	0000000652	M	.64000000000000001	1.0
0000001202	0000000653	M	.59999999999999998	1.0
0000001203	0000000654	M	.56999999999999995	1.0
0000001204	0000000655	M	.55000000000000004	1.0
0000001205	0000000656	M	.53000000000000003	1.0
0000001206	0000000657	M	.48999999999999999	1.0
0000001207	0000000658	M	.39000000000000001	1.0
0000001208	0000000659	M	.28000000000000003	1.0
0000001209	0000000660	M	.64000000000000001	1.0
0000001210	0000000661	M	.59999999999999998	1.0
0000001211	0000000662	M	.56999999999999995	1.0
0000001212	0000000663	M	.55000000000000004	1.0
0000001213	0000000664	M	.53000000000000003	1.0
0000001214	0000000665	M	.48999999999999999	1.0
0000001215	0000000666	M	.39000000000000001	1.0
0000001216	0000000667	M	.28000000000000003	1.0
0000001217	0000000668	M	.64000000000000001	1.0
0000001218	0000000669	M	.59999999999999998	1.0
0000001219	0000000670	M	.56999999999999995	1.0
0000001220	0000000671	M	.55000000000000004	1.0
0000001221	0000000672	M	.53000000000000003	1.0
0000001222	0000000673	M	.48999999999999999	1.0
0000001223	0000000674	M	.39000000000000001	1.0
0000001224	0000000675	M	.28000000000000003	1.0
0000001225	0000000676	M	.64000000000000001	1.0
0000001226	0000000677	M	.59999999999999998	1.0
0000001227	0000000678	M	.56999999999999995	1.0
0000001228	0000000679	M	.55000000000000004	1.0
0000001229	0000000680	M	.53000000000000003	1.0
0000001230	0000000681	M	.48999999999999999	1.0
0000001231	0000000682	M	.39000000000000001	1.0
0000001232	0000000683	M	.28000000000000003	1.0
0000001233	0000000684	M	.64000000000000001	1.0
0000001234	0000000685	M	.59999999999999998	1.0
0000001235	0000000686	M	.56999999999999995	1.0
0000001236	0000000687	M	.55000000000000004	1.0
0000001237	0000000688	M	.53000000000000003	1.0
0000001238	0000000689	M	.48999999999999999	1.0
0000001239	0000000690	M	.39000000000000001	1.0
0000001240	0000000691	M	.28000000000000003	1.0
0000001241	0000000692	M	.64000000000000001	1.0
0000001242	0000000693	M	.59999999999999998	1.0
0000001243	0000000694	M	.56999999999999995	1.0
0000001244	0000000695	M	.55000000000000004	1.0
0000001245	0000000696	M	.53000000000000003	1.0
0000001246	0000000697	M	.48999999999999999	1.0
0000001247	0000000698	M	.39000000000000001	1.0
0000001248	0000000699	M	.28000000000000003	1.0
0000001249	0000000700	M	.64000000000000001	1.0
0000001250	0000000701	M	.59999999999999998	1.0
0000001251	0000000702	M	.56999999999999995	1.0
0000001252	0000000703	M	.55000000000000004	1.0
0000001253	0000000704	M	.53000000000000003	1.0
0000001254	0000000705	M	.48999999999999999	1.0
0000001255	0000000706	M	.39000000000000001	1.0
0000001256	0000000707	M	.28000000000000003	1.0
0000001257	0000000708	M	.64000000000000001	1.0
0000001258	0000000709	M	.59999999999999998	1.0
0000001259	0000000710	M	.56999999999999995	1.0
0000001260	0000000711	M	.55000000000000004	1.0
0000001261	0000000712	M	.53000000000000003	1.0
0000001262	0000000713	M	.48999999999999999	1.0
0000001263	0000000714	M	.39000000000000001	1.0
0000001264	0000000715	M	.28000000000000003	1.0
0000001265	0000000716	M	.64000000000000001	1.0
0000001266	0000000717	M	.59999999999999998	1.0
0000001267	0000000718	M	.56999999999999995	1.0
0000001268	0000000719	M	.55000000000000004	1.0
0000001269	0000000720	M	.53000000000000003	1.0
0000001270	0000000721	M	.48999999999999999	1.0
0000001271	0000000722	M	.39000000000000001	1.0
0000001272	0000000723	M	.28000000000000003	1.0
0000001273	0000000724	M	.64000000000000001	1.0
0000001274	0000000725	M	.59999999999999998	1.0
0000001275	0000000726	M	.56999999999999995	1.0
0000001276	0000000727	M	.55000000000000004	1.0
0000001277	0000000728	M	.53000000000000003	1.0
0000001278	0000000729	M	.48999999999999999	1.0
0000001279	0000000730	M	.39000000000000001	1.0
0000001280	0000000731	M	.28000000000000003	1.0
0000001281	0000000732	M	.64000000000000001	1.0
0000001282	0000000733	M	.59999999999999998	1.0
0000001283	0000000734	M	.56999999999999995	1.0
0000001284	0000000735	M	.55000000000000004	1.0
0000001285	0000000736	M	.53000000000000003	1.0
0000001286	0000000737	M	.48999999999999999	1.0
0000001287	0000000738	M	.39000000000000001	1.0
0000001288	0000000739	M	.28000000000000003	1.0
0000001289	0000000740	M	.64000000000000001	1.0
0000001290	0000000741	M	.59999999999999998	1.0
0000001291	0000000742	M	.56999999999999995	1.0
0000001292	0000000743	M	.55000000000000004	1.0
0000001293	0000000744	M	.53000000000000003	1.0
0000001294	0000000745	M	.48999999999999999	1.0
0000001295	0000000746	M	.39000000000000001	1.0
0000001296	0000000747	M	.28000000000000003	1.0
0000001297	0000000748	M	.64000000000000001	1.0
0000001298	0000000749	M	.59999999999999998	1.0
0000001299	0000000750	M	.56999999999999995	1.0
0000001300	0000000751	M	.55000000000000004	1.0
0000001301	0000000752	M	.53000000000000003	1.0
0000001302	0000000753	M	.48999999999999999	1.0
0000001303	0000000754	M	.39000000000000001	1.0
0000001304	0000000755	M	.28000000000000003	1.0
0000001305	0000000756	M	.64000000000000001	1.0
0000001306	0000000757	M	.59999999999999998	1.0
0000001307	0000000758	M	.56999999999999995	1.0
0000001308	0000000759	M	.55000000000000004	1.0
0000001309	0000000760	M	.53000000000000003	1.0
0000001310	0000000761	M	.48999999999999999	1.0
0000001311	0000000762	M	.39000000000000001	1.0
0000001312	0000000763	M	.28000000000000003	1.0
0000001313	0000000764	M	.10000000000000001	1.0
0000001314	0000000765	M	.086999999999999994	1.0
0000001315	0000000766	M	.074999999999999997	1.0
0000001316	0000000767	M	.063	1.0
0000001317	0000000768	M	.058000000000000003	1.0
0000001318	0000000769	M	.10000000000000001	1.0
0000001319	0000000770	M	.086999999999999994	1.0
0000001320	0000000771	M	.074999999999999997	1.0
0000001321	0000000772	M	.063	1.0
0000001322	0000000773	M	.058000000000000003	1.0
0000001323	0000000774	M	.10000000000000001	1.0
0000001324	0000000775	M	.086999999999999994	1.0
0000001325	0000000776	M	.074999999999999997	1.0
0000001326	0000000777	M	.063	1.0
0000001327	0000000778	M	.058000000000000003	1.0
0000001328	0000000779	M	.10000000000000001	1.0
0000001329	0000000780	M	.086999999999999994	1.0
0000001330	0000000781	M	.074999999999999997	1.0
0000001331	0000000782	M	.063	1.0
0000001332	0000000783	M	.058000000000000003	1.0
0000001333	0000000784	M	.10000000000000001	1.0
0000001334	0000000785	M	.086999999999999994	1.0
0000001335	0000000786	M	.074999999999999997	1.0
0000001336	0000000787	M	.063	1.0
0000001337	0000000788	M	.058000000000000003	1.0
0000001338	0000000789	M	.10000000000000001	1.0
0000001339	0000000790	M	.086999999999999994	1.0
0000001340	0000000791	M	.074999999999999997	1.0
0000001341	0000000792	M	.063	1.0
0000001342	0000000793	M	.058000000000000003	1.0
0000001343	0000000794	M	.10000000000000001	1.0
0000001344	0000000795	M	.086999999999999994	1.0
0000001345	0000000796	M	.074999999999999997	1.0
0000001346	0000000797	M	.063	1.0
0000001347	0000000798	M	.058000000000000003	1.0
0000001348	0000000799	M	.10000000000000001	1.0
0000001349	0000000800	M	.086999999999999994	1.0
0000001350	0000000801	M	.074999999999999997	1.0
0000001351	0000000802	M	.063	1.0
0000001352	0000000803	M	.058000000000000003	1.0
0000001353	0000000804	M	.10000000000000001	1.0
0000001354	0000000805	M	.086999999999999994	1.0
0000001355	0000000806	M	.074999999999999997	1.0
0000001356	0000000807	M	.063	1.0
0000001357	0000000808	M	.058000000000000003	1.0
0000001358	0000000809	M	.10000000000000001	1.0
0000001359	0000000810	M	.086999999999999994	1.0
0000001360	0000000811	M	.074999999999999997	1.0
0000001361	0000000812	M	.063	1.0
0000001362	0000000813	M	.058000000000000003	1.0
0000001363	0000000814	M	.10000000000000001	1.0
0000001364	0000000815	M	.086999999999999994	1.0
0000001365	0000000816	M	.074999999999999997	1.0
0000001366	0000000817	M	.063	1.0
0000001367	0000000818	M	.058000000000000003	1.0
0000001368	0000000819	M	.10000000000000001	1.0
0000001369	0000000820	M	.086999999999999994	1.0
0000001370	0000000821	M	.074999999999999997	1.0
0000001371	0000000822	M	.063	1.0
0000001372	0000000823	M	.058000000000000003	1.0
0000001373	0000000824	M	1.5	1.0
0000001374	0000000825	M	1.25	1.0
0000001375	0000000826	M	.94999999999999996	1.0
0000001376	0000000827	M	.69999999999999996	1.0
0000001377	0000000828	M	.45000000000000001	1.0
0000001378	0000000829	M	.29999999999999999	1.0
0000001379	0000000830	M	1.5	1.0
0000001380	0000000831	M	1.25	1.0
0000001381	0000000832	M	.94999999999999996	1.0
0000001382	0000000833	M	.69999999999999996	1.0
0000001383	0000000834	M	.45000000000000001	1.0
0000001384	0000000835	M	.29999999999999999	1.0
0000001385	0000000836	M	1.5	1.0
0000001386	0000000837	M	1.25	1.0
0000001387	0000000838	M	.94999999999999996	1.0
0000001388	0000000839	M	.69999999999999996	1.0
0000001389	0000000840	M	.45000000000000001	1.0
0000001390	0000000841	M	.29999999999999999	1.0
0000001391	0000000842	M	1.5	1.0
0000001392	0000000843	M	1.25	1.0
0000001393	0000000844	M	.94999999999999996	1.0
0000001394	0000000845	M	.69999999999999996	1.0
0000001395	0000000846	M	.45000000000000001	1.0
0000001396	0000000847	M	.29999999999999999	1.0
0000001397	0000000848	M	1.5	1.0
0000001398	0000000849	M	1.25	1.0
0000001399	0000000850	M	.94999999999999996	1.0
0000001400	0000000851	M	.69999999999999996	1.0
0000001401	0000000852	M	.45000000000000001	1.0
0000001402	0000000853	M	.29999999999999999	1.0
0000001403	0000000854	M	1.5	1.0
0000001404	0000000855	M	1.25	1.0
0000001405	0000000856	M	.94999999999999996	1.0
0000001406	0000000857	M	.69999999999999996	1.0
0000001407	0000000858	M	.45000000000000001	1.0
0000001408	0000000859	M	.29999999999999999	1.0
0000001409	0000000860	M	1.5	1.0
0000001410	0000000861	M	1.25	1.0
0000001411	0000000862	M	.94999999999999996	1.0
0000001412	0000000863	M	.69999999999999996	1.0
0000001413	0000000864	M	.45000000000000001	1.0
0000001414	0000000865	M	.29999999999999999	1.0
0000001415	0000000866	M	1.5	1.0
0000001416	0000000867	M	1.25	1.0
0000001417	0000000868	M	.94999999999999996	1.0
0000001418	0000000869	M	.69999999999999996	1.0
0000001419	0000000870	M	.45000000000000001	1.0
0000001420	0000000871	M	.29999999999999999	1.0
0000001421	0000000872	M	1.5	1.0
0000001422	0000000873	M	1.25	1.0
0000001423	0000000874	M	.94999999999999996	1.0
0000001424	0000000875	M	.69999999999999996	1.0
0000001425	0000000876	M	.45000000000000001	1.0
0000001426	0000000877	M	.29999999999999999	1.0
0000001427	0000000878	M	1.5	1.0
0000001428	0000000879	M	1.25	1.0
0000001429	0000000880	M	.94999999999999996	1.0
0000001430	0000000881	M	.69999999999999996	1.0
0000001431	0000000882	M	.45000000000000001	1.0
0000001432	0000000883	M	.29999999999999999	1.0
0000001433	0000000884	M	1.5	1.0
0000001434	0000000885	M	1.25	1.0
0000001435	0000000886	M	.94999999999999996	1.0
0000001436	0000000887	M	.69999999999999996	1.0
0000001437	0000000888	M	.45000000000000001	1.0
0000001438	0000000889	M	.29999999999999999	1.0
0000001439	0000000890	M	1.5	1.0
0000001440	0000000891	M	1.25	1.0
0000001441	0000000892	M	.94999999999999996	1.0
0000001442	0000000893	M	.69999999999999996	1.0
0000001443	0000000894	M	.45000000000000001	1.0
0000001444	0000000895	M	.29999999999999999	1.0
0000001445	0000000896	M	1.5	1.0
0000001446	0000000897	M	1.25	1.0
0000001447	0000000898	M	.94999999999999996	1.0
0000001448	0000000899	M	.69999999999999996	1.0
0000001449	0000000900	M	.45000000000000001	1.0
0000001450	0000000901	M	.29999999999999999	1.0
0000001451	0000000902	M	1.5	1.0
0000001452	0000000903	M	1.25	1.0
0000001453	0000000904	M	.94999999999999996	1.0
0000001454	0000000905	M	.69999999999999996	1.0
0000001455	0000000906	M	.45000000000000001	1.0
0000001456	0000000907	M	.29999999999999999	1.0
0000001457	0000000908	M	1.5	1.0
0000001458	0000000909	M	1.25	1.0
0000001459	0000000910	M	.94999999999999996	1.0
0000001460	0000000911	M	.69999999999999996	1.0
0000001461	0000000912	M	.45000000000000001	1.0
0000001462	0000000913	M	.29999999999999999	1.0
0000001463	0000000914	M	1.5	1.0
0000001464	0000000915	M	1.25	1.0
0000001465	0000000916	M	.94999999999999996	1.0
0000001466	0000000917	M	.69999999999999996	1.0
0000001467	0000000918	M	.45000000000000001	1.0
0000001468	0000000919	M	.29999999999999999	1.0
0000001469	0000000920	M	1.5	1.0
0000001470	0000000921	M	1.25	1.0
0000001471	0000000922	M	.94999999999999996	1.0
0000001472	0000000923	M	.69999999999999996	1.0
0000001473	0000000924	M	.45000000000000001	1.0
0000001474	0000000925	M	.29999999999999999	1.0
0000001475	0000000926	M	1.5	1.0
0000001476	0000000927	M	1.25	1.0
0000001477	0000000928	M	.94999999999999996	1.0
0000001478	0000000929	M	.69999999999999996	1.0
0000001479	0000000930	M	.45000000000000001	1.0
0000001480	0000000931	M	.29999999999999999	1.0
0000001481	0000000932	M	.33000000000000002	1.0
0000001482	0000000933	M	.28999999999999998	1.0
0000001483	0000000934	M	.25	1.0
0000001484	0000000935	M	.20999999999999999	1.0
0000001485	0000000936	M	.19	1.0
0000001486	0000000937	M	.33000000000000002	1.0
0000001487	0000000938	M	.28999999999999998	1.0
0000001488	0000000939	M	.25	1.0
0000001489	0000000940	M	.20999999999999999	1.0
0000001490	0000000941	M	.19	1.0
0000001491	0000000942	M	.33000000000000002	1.0
0000001492	0000000943	M	.28999999999999998	1.0
0000001493	0000000944	M	.25	1.0
0000001494	0000000945	M	.20999999999999999	1.0
0000001495	0000000946	M	.19	1.0
0000001496	0000000947	M	.33000000000000002	1.0
0000001497	0000000948	M	.28999999999999998	1.0
0000001498	0000000949	M	.25	1.0
0000001499	0000000950	M	.20999999999999999	1.0
0000001500	0000000951	M	.19	1.0
0000001501	0000000952	M	.33000000000000002	1.0
0000001502	0000000953	M	.28999999999999998	1.0
0000001503	0000000954	M	.25	1.0
0000001504	0000000955	M	.20999999999999999	1.0
0000001505	0000000956	M	.19	1.0
0000001506	0000000957	M	.33000000000000002	1.0
0000001507	0000000958	M	.28999999999999998	1.0
0000001508	0000000959	M	.25	1.0
0000001509	0000000960	M	.20999999999999999	1.0
0000001510	0000000961	M	.19	1.0
0000001511	0000000962	M	.33000000000000002	1.0
0000001512	0000000963	M	.28999999999999998	1.0
0000001513	0000000964	M	.25	1.0
0000001514	0000000965	M	.20999999999999999	1.0
0000001515	0000000966	M	.19	1.0
0000001516	0000000967	M	.33000000000000002	1.0
0000001517	0000000968	M	.28999999999999998	1.0
0000001518	0000000969	M	.25	1.0
0000001519	0000000970	M	.20999999999999999	1.0
0000001520	0000000971	M	.19	1.0
0000001521	0000000972	M	.33000000000000002	1.0
0000001522	0000000973	M	.28999999999999998	1.0
0000001523	0000000974	M	.25	1.0
0000001524	0000000975	M	.20999999999999999	1.0
0000001525	0000000976	M	.19	1.0
0000001526	0000000977	M	.044999999999999998	1.0
0000001527	0000000978	M	.037999999999999999	1.0
0000001528	0000000979	M	.029000000000000001	1.0
0000001529	0000000980	M	.027	1.0
0000001530	0000000981	M	.033000000000000002	1.0
0000001531	0000000982	M	.031	1.0
0000001532	0000000983	M	.044999999999999998	1.0
0000001533	0000000984	M	.037999999999999999	1.0
0000001534	0000000985	M	.029000000000000001	1.0
0000001535	0000000986	M	.027	1.0
0000001536	0000000987	M	.033000000000000002	1.0
0000001537	0000000988	M	.031	1.0
0000001538	0000000989	M	.044999999999999998	1.0
0000001539	0000000990	M	.037999999999999999	1.0
0000001540	0000000991	M	.029000000000000001	1.0
0000001541	0000000992	M	.027	1.0
0000001542	0000000993	M	.033000000000000002	1.0
0000001543	0000000994	M	.031	1.0
0000001544	0000000995	M	.044999999999999998	1.0
0000001545	0000000996	M	.037999999999999999	1.0
0000001546	0000000997	M	.029000000000000001	1.0
0000001547	0000000998	M	.027	1.0
0000001548	0000000999	M	.033000000000000002	1.0
0000001549	0000001000	M	.031	1.0
0000001550	0000001001	M	.044999999999999998	1.0
0000001551	0000001002	M	.037999999999999999	1.0
0000001552	0000001003	M	.029000000000000001	1.0
0000001553	0000001004	M	.027	1.0
0000001554	0000001005	M	.033000000000000002	1.0
0000001555	0000001006	M	.031	1.0
0000001556	0000001007	M	.044999999999999998	1.0
0000001557	0000001008	M	.037999999999999999	1.0
0000001558	0000001009	M	.029000000000000001	1.0
0000001559	0000001010	M	.027	1.0
0000001560	0000001011	M	.033000000000000002	1.0
0000001561	0000001012	M	.031	1.0
0000001562	0000001013	M	.044999999999999998	1.0
0000001563	0000001014	M	.037999999999999999	1.0
0000001564	0000001015	M	.029000000000000001	1.0
0000001565	0000001016	M	.027	1.0
0000001566	0000001017	M	.033000000000000002	1.0
0000001567	0000001018	M	.031	1.0
0000001568	0000001019	M	.070000000000000007	1.0
0000001569	0000001020	M	.14000000000000001	1.0
0000001570	0000001021	M	15.0	1.0
0000001571	0000001022	M	15.0	1.0
0000001572	0000001023	M	15.0	1.0
0000001573	0000001024	M	15.0	1.0
0000001574	0000001025	M	15.0	1.0
0000001575	0000001026	M	15.0	1.0
0000001576	0000001027	03	31.800000000000001	1.28
0000001577	0000001027	02	30.210000000000001	1.28
0000001578	0000001027	IC	30.210000000000001	1.28
0000001579	0000001028	03	41.340000000000003	1.28
0000001580	0000001028	02	39.270000000000003	1.28
0000001581	0000001028	IC	39.270000000000003	1.28
0000001582	0000001029	03	53.740000000000002	1.28
0000001583	0000001029	02	51.049999999999997	1.28
0000001584	0000001029	IC	51.049999999999997	1.28
0000001585	0000001030	03	69.849999999999994	1.28
0000001586	0000001030	02	66.359999999999999	1.28
0000001587	0000001030	IC	66.359999999999999	1.28
0000001588	0000001031	03	31.800000000000001	1.28
0000001589	0000001031	02	30.210000000000001	1.28
0000001590	0000001031	IC	30.210000000000001	1.28
0000001591	0000001032	03	41.340000000000003	1.28
0000001592	0000001032	02	39.270000000000003	1.28
0000001593	0000001032	IC	39.270000000000003	1.28
0000001594	0000001033	03	53.740000000000002	1.28
0000001595	0000001033	02	51.049999999999997	1.28
0000001596	0000001033	IC	51.049999999999997	1.28
0000001597	0000001034	03	69.849999999999994	1.28
0000001598	0000001034	02	66.359999999999999	1.28
0000001599	0000001034	IC	66.359999999999999	1.28
0000001600	0000001035	03	26.5	1.28
0000001601	0000001035	02	25.18	1.28
0000001602	0000001035	IC	25.18	1.28
0000001603	0000001036	03	34.350000000000001	1.28
0000001604	0000001036	02	33.039999999999999	1.28
0000001605	0000001036	IC	33.039999999999999	1.28
0000001606	0000001037	03	44.780000000000001	1.28
0000001607	0000001037	02	42.539999999999999	1.28
0000001608	0000001037	IC	42.539999999999999	1.28
0000001609	0000001038	03	58.210000000000001	1.28
0000001610	0000001038	02	55.299999999999997	1.28
0000001611	0000001038	IC	55.299999999999997	1.28
0000001612	0000001039	03	39.75	1.28
0000001613	0000001039	02	37.759999999999998	1.28
0000001614	0000001039	IC	37.759999999999998	1.28
0000001615	0000001040	03	51.68	1.28
0000001616	0000001040	02	49.100000000000001	1.28
0000001617	0000001040	IC	49.100000000000001	1.28
0000001618	0000001041	03	67.170000000000002	1.28
0000001619	0000001041	02	63.810000000000002	1.28
0000001620	0000001041	IC	63.810000000000002	1.28
0000001621	0000001042	03	87.319999999999993	1.28
0000001622	0000001042	02	82.950000000000003	1.28
0000001623	0000001042	IC	82.950000000000003	1.28
0000001624	0000001043	03	39.75	1.28
0000001625	0000001043	02	37.759999999999998	1.28
0000001626	0000001043	IC	37.759999999999998	1.28
0000001627	0000001044	03	51.68	1.28
0000001628	0000001044	02	49.100000000000001	1.28
0000001629	0000001044	IC	49.100000000000001	1.28
0000001630	0000001045	03	67.170000000000002	1.28
0000001631	0000001045	02	63.810000000000002	1.28
0000001632	0000001045	IC	63.810000000000002	1.28
0000001633	0000001046	03	87.319999999999993	1.28
0000001634	0000001046	02	82.950000000000003	1.28
0000001635	0000001046	IC	82.950000000000003	1.28
0000001636	0000001047	03	39.75	1.28
0000001637	0000001047	02	37.759999999999998	1.28
0000001638	0000001047	IC	37.759999999999998	1.28
0000001639	0000001048	03	51.68	1.28
0000001640	0000001048	02	49.100000000000001	1.28
0000001641	0000001048	IC	49.100000000000001	1.28
0000001642	0000001049	03	67.170000000000002	1.28
0000001643	0000001049	02	63.810000000000002	1.28
0000001644	0000001049	IC	63.810000000000002	1.28
0000001645	0000001050	03	87.319999999999993	1.28
0000001646	0000001050	02	82.950000000000003	1.28
0000001647	0000001050	IC	82.950000000000003	1.28
0000001648	0000001051	03	31.800000000000001	1.28
0000001649	0000001051	02	30.210000000000001	1.28
0000001650	0000001051	IC	30.210000000000001	1.28
0000001651	0000001052	03	41.340000000000003	1.28
0000001652	0000001052	02	39.270000000000003	1.28
0000001653	0000001052	IC	39.270000000000003	1.28
0000001654	0000001053	03	53.740000000000002	1.28
0000001655	0000001053	02	51.049999999999997	1.28
0000001656	0000001053	IC	51.049999999999997	1.28
0000001657	0000001054	03	69.849999999999994	1.28
0000001658	0000001054	02	66.359999999999999	1.28
0000001659	0000001054	IC	66.359999999999999	1.28
0000001660	0000001055	03	26.5	1.28
0000001661	0000001055	02	25.18	1.28
0000001662	0000001055	IC	25.18	1.28
0000001663	0000001056	03	34.350000000000001	1.28
0000001664	0000001056	02	33.039999999999999	1.28
0000001665	0000001056	IC	33.039999999999999	1.28
0000001666	0000001057	03	44.780000000000001	1.28
0000001667	0000001057	02	42.539999999999999	1.28
0000001668	0000001057	IC	42.539999999999999	1.28
0000001669	0000001058	03	58.210000000000001	1.28
0000001670	0000001058	02	55.299999999999997	1.28
0000001671	0000001058	IC	55.299999999999997	1.28
0000001672	0000001059	03	26.5	1.28
0000001673	0000001059	02	25.18	1.28
0000001674	0000001059	IC	25.18	1.28
0000001675	0000001060	03	34.350000000000001	1.28
0000001676	0000001060	02	33.039999999999999	1.28
0000001677	0000001060	IC	33.039999999999999	1.28
0000001678	0000001061	03	44.780000000000001	1.28
0000001679	0000001061	02	42.539999999999999	1.28
0000001680	0000001061	IC	42.539999999999999	1.28
0000001681	0000001062	03	58.210000000000001	1.28
0000001682	0000001062	02	55.299999999999997	1.28
0000001683	0000001062	IC	55.299999999999997	1.28
0000001684	0000001063	03	31.800000000000001	1.28
0000001685	0000001063	02	30.210000000000001	1.28
0000001686	0000001063	IC	30.210000000000001	1.28
0000001687	0000001064	03	41.340000000000003	1.28
0000001688	0000001064	02	39.270000000000003	1.28
0000001689	0000001064	IC	39.270000000000003	1.28
0000001690	0000001065	03	53.740000000000002	1.28
0000001691	0000001065	02	51.049999999999997	1.28
0000001692	0000001065	IC	51.049999999999997	1.28
0000001693	0000001066	03	69.849999999999994	1.28
0000001694	0000001066	02	66.359999999999999	1.28
0000001695	0000001066	IC	66.359999999999999	1.28
0000001696	0000001067	03	26.5	1.28
0000001697	0000001067	02	25.18	1.28
0000001698	0000001067	IC	25.18	1.28
0000001699	0000001068	03	34.350000000000001	1.28
0000001700	0000001068	02	33.039999999999999	1.28
0000001701	0000001068	IC	33.039999999999999	1.28
0000001702	0000001069	03	44.780000000000001	1.28
0000001703	0000001069	02	42.539999999999999	1.28
0000001704	0000001069	IC	42.539999999999999	1.28
0000001705	0000001070	03	58.210000000000001	1.28
0000001706	0000001070	02	55.299999999999997	1.28
0000001707	0000001070	IC	55.299999999999997	1.28
0000001708	0000001071	03	26.5	1.28
0000001709	0000001071	02	25.18	1.28
0000001710	0000001071	IC	25.18	1.28
0000001711	0000001072	03	34.350000000000001	1.28
0000001712	0000001072	02	33.039999999999999	1.28
0000001713	0000001072	IC	33.039999999999999	1.28
0000001714	0000001073	03	44.780000000000001	1.28
0000001715	0000001073	02	42.539999999999999	1.28
0000001716	0000001073	IC	42.539999999999999	1.28
0000001717	0000001074	03	58.210000000000001	1.28
0000001718	0000001074	02	55.299999999999997	1.28
0000001719	0000001074	IC	55.299999999999997	1.28
0000001720	0000001075	03	0.0	1.28
0000001721	0000001075	02	12.0	1.28
0000001722	0000001075	IC	12.0	1.28
0000001723	0000001076	03	0.0	1.28
0000001724	0000001076	02	12.0	1.28
0000001725	0000001076	IC	12.0	1.28
0000001726	0000001077	03	0.0	1.28
0000001727	0000001077	02	17.5	1.28
0000001728	0000001077	IC	17.5	1.28
0000001729	0000001078	03	0.0	1.28
0000001730	0000001078	02	17.5	1.28
0000001731	0000001078	IC	17.5	1.28
0000001732	0000001079	03	0.0	1.28
0000001733	0000001079	02	17.5	1.28
0000001734	0000001079	IC	17.5	1.28
0000001735	0000001080	03	0.0	1.28
0000001736	0000001080	02	17.5	1.28
0000001737	0000001080	IC	17.5	1.28
0000001738	0000001081	03	26.5	1.28
0000001739	0000001081	02	25.18	1.28
0000001740	0000001081	IC	25.18	1.28
0000001741	0000001082	03	34.350000000000001	1.28
0000001742	0000001082	02	33.039999999999999	1.28
0000001743	0000001082	IC	33.039999999999999	1.28
0000001744	0000001083	03	44.780000000000001	1.28
0000001745	0000001083	02	42.539999999999999	1.28
0000001746	0000001083	IC	42.539999999999999	1.28
0000001747	0000001084	03	58.210000000000001	1.28
0000001748	0000001084	02	55.299999999999997	1.28
0000001749	0000001084	IC	55.299999999999997	1.28
0000001750	0000001085	03	0.0	1.28
0000001751	0000001085	02	12.0	1.28
0000001752	0000001085	IC	12.0	1.28
0000001753	0000001086	03	0.0	1.28
0000001754	0000001086	02	12.0	1.28
0000001755	0000001086	IC	12.0	1.28
0000001756	0000001087	03	0.0	1.28
0000001757	0000001087	02	12.0	1.28
0000001758	0000001087	IC	12.0	1.28
0000001759	0000001088	03	0.0	1.28
0000001760	0000001088	02	12.0	1.28
0000001761	0000001088	IC	12.0	1.28
