0000100259	0000100259	0603085041	98.0	000000070614125	403.0	000000079237173	2	000000054921522
0000100260	0000100260	0603085041	132.0	000000116461533	366.0	000000088266196	2	000000026726185
0000100261	0000100261	0603085041	103.0	000000138717608	453.0	000000128721109	2	000000016729686
0000100262	0000100262	0603085041	47.0	000000045301528	252.0	000000049735125	2	000000021163283
0000100263	0000100263	0603085041	47.0	000000036461611	233.0	000000043169648	2	000000027871320
0000100264	0000100264	0603085041	60.0	000000047279769	216.0	000000035904402	2	000000016495953
0000100265	0000100265	0603085041	52.0	000000021668146	202.0	000000036032775	2	000000030860582
0000100266	0000100266	0603085041	60.0	000000020415208	175.0	000000018866948	2	000000029312322
0000100267	0000100267	0603085041	69.0	000000023205105	238.0	000000029498473	2	000000035605690
0000100268	0000100268	0603085041	59.0	000000050648255	223.0	000000034173499	2	000000019130934
0000100269	0000100269	0603085041	85.0	000000032368515	181.0	000000033932006	2	000000020694425
0000100270	0000100270	0603085041	168.0	000000030293229	125.0	000000020076251	2	000000010477447
0000100271	0000100271	0603085041	96.0	000000029893762	177.0	000000036450715	2	000000017034400
0000100272	0000100272	0603085041	75.0	000000037451884	167.0	000000048210445	2	000000027792961
0000100273	0000100273	0603085041	56.0	000000055618942	175.0	000000047103100	2	000000019277119
0000100274	0000100274	0603085041	48.0	000000032971331	210.0	000000035719142	2	000000022024930
0000100275	0000100275	0603085041	52.0	000000030486334	205.0	000000028616784	2	000000020155380
0000100276	0000100276	0603085041	54.0	000000024403984	170.0	000000021761107	2	000000017512503
0000100277	0000100277	0603085041	40.0	000000013706628	145.0	000000013851243	2	000000017657118
0000100278	0000100278	0603085041	45.0	000000012507390	152.0	000000015182917	2	000000020332645
0000100279	0000100279	0603085041	60.0	000000018074741	111.0	000000016618242	2	000000018876146
0000100280	0000100280	0603085041	50.0	000000016978658	122.0	000000014169996	2	000000016067484
0000100281	0000100281	0603085041	41.0	000000016118682	96.0	000000013583863	2	000000013532665
0000100282	0000100282	0603060336	2.0	000000000014848	1.0	000000000001491	2	000000001036397
0000100283	0000100283	0603085041	2.0	000000000353564	3.0	000000000127257	2	000000013306358
0000100284	0000100284	0603085041	3.0	000000001180191	1.0	000000000016374	2	000000012142541
0000100285	0000100285	0603060336	1.0	000000000056150	0.0	000000000000000	2	000000000980247
0000100286	0000100286	0603085041	8.0	000000000117305	0.0	000000000000000	2	000000012025236
0000100287	0000100287	0603060336	1.0	000000000009500	0.0	000000000000000	2	000000000970747
0000100288	0000100288	0603085041	3.0	000000003856792	0.0	000000000000000	2	000000008168444
0000100289	0000100289	0603060336	1.0	000000000005310	0.0	000000000000000	2	000000000965437
0000100290	0000100290	0603085041	13.0	000000000057000	6.0	000000000204541	2	000000008315985
0000100291	0000100291	0603085041	3.0	000000000160129	9.0	000000000645271	2	000000008801127
0000100292	0000100292	0603085041	10.0	000000000702188	8.0	000000001436820	2	000000009535759
0000100293	0000100293	0603085041	16.0	000000000174147	5.0	000000000122894	2	000000009484506
0000100294	0000100294	0603085041	11.0	000000000080825	5.0	000000000730655	2	000000010134336
0000100295	0000100295	0603085041	0.0	000000000000000	1.0	000000000084951	2	000000010219287
0000100296	0000100296	0603085041	9.0	000000000329326	6.0	000000002908057	2	000000012798018
0000100297	0000100297	0603085041	11.0	000000000072492	5.0	000000000226641	2	000000012952167
0000100298	0000100298	0603085041	16.0	000000001542347	11.0	000000001197846	2	000000012607666
0000100299	0000100299	0603085041	11.0	000000000337154	7.0	000000000306744	2	000000012577256
0000100300	0000100300	0603085041	9.0	000000001113023	5.0	000000000270417	2	000000011734650
0000100301	0000100301	0603085041	0.0	000000000000000	1.0	000000000037102	2	000000011771752
0000100302	0000100302	0603085041	6.0	000000000045640	2.0	000000000007310	2	000000011733422
0000100303	0000100303	0603085041	8.0	000000000631160	10.0	000000000739399	2	000000011841661
0000100304	0000100304	0603085041	8.0	000000000116019	9.0	000000000562797	2	000000012288439
0000100305	0000100305	0603085041	5.0	000000000144729	5.0	000000000282368	2	000000012426078
0000100306	0000100306	0603060336	1.0	000000000002257	0.0	000000000000000	2	000000000963180
0000100307	0000100307	0603085041	6.0	000000000291667	6.0	000000000806780	2	000000012941191
0000100308	0000100308	0603060336	1.0	000000000015480	1.0	000000000252300	2	000000001200000
0000100309	0000100309	0603085041	11.0	000000003262659	5.0	000000000400662	2	000000010079194
0000100310	0000100310	0603060336	1.0	000000000004602	0.0	000000000000000	2	000000001195398
0000100311	0000100311	0603085041	10.0	000000000987840	5.0	000000000285462	2	000000009376816
0000100312	0000100312	0603060336	1.0	000000000064966	0.0	000000000000000	2	000000001130432
0000100313	0000100313	0603085041	4.0	000000000120337	12.0	000000000631585	2	000000009888064
0000100314	0000100314	0603060336	1.0	000000000150832	1.0	000000000220400	2	000000001200000
0000100315	0000100315	0603085041	4.0	000000002825459	4.0	000000000320943	2	000000007383548
0000100316	0000100316	0603085041	6.0	000000000025650	15.0	000000005193783	2	000000012551681
0000100317	0000100317	0603085041	19.0	000000000863041	4.0	000000000572193	2	000000012260833
0000100318	0000100318	0603085041	3.0	000000000738193	8.0	000000001135303	2	000000012657943
0000100319	0000100319	0603060336	1.0	000000000020000	1.0	000000000020000	2	000000001200000
0000100320	0000100320	0603085041	6.0	000000000306237	5.0	000000000340464	2	000000012692170
0000100321	0000100321	0603085041	4.0	000000000422109	3.0	000000000124900	2	000000012394961
0000100322	0000100322	0603085041	3.0	000000000429358	5.0	000000000511706	2	000000012477309
0000100323	0000100323	0603085041	0.0	000000000000000	1.0	000000000046400	2	000000012523709
0000100324	0000100324	0603085041	3.0	000000000531404	4.0	000000000580013	2	000000012572318
0000100325	0000100325	0603085041	6.0	000000000042894	2.0	000000000348547	2	000000012877971
0000100326	0000100326	0603085041	4.0	000000000398265	4.0	000000000270583	2	000000012750289
0000100327	0000100327	0603085041	4.0	000000000012599	11.0	000000014344584	2	000000027082274
0000100328	0000100328	0603085041	6.0	000000000767390	6.0	000000000253729	2	000000026568613
0000100329	0000100329	0603085041	0.0	000000000000000	1.0	000000000112690	2	000000026681303
0000100330	0000100330	0603085041	8.0	000000000197725	5.0	000000000771741	2	000000027255319
0000100331	0000100331	0603085041	3.0	000000000069957	4.0	000000000443681	2	000000027629043
0000100332	0000100332	0603085041	5.0	000000000246195	9.0	000000001843911	2	000000029226759
0000100333	0000100333	0603060336	1.0	000000000575840	1.0	000000000575840	2	000000001200000
0000100334	0000100334	0603085041	6.0	000000000310516	5.0	000000001023685	2	000000029939928
0000100335	0000100335	0603085041	2.0	000000001771072	11.0	000000001007463	2	000000029176319
0000100336	0000100336	0603060336	1.0	000000000003035	0.0	000000000000000	2	000000001196965
0000100337	0000100337	0603085041	4.0	000000001477796	8.0	000000012967746	2	000000040666269
0000100338	0000100338	0603060336	1.0	000000000004877	0.0	000000000000000	2	000000001192088
0000100339	0000100339	0603085041	2.0	000000000970323	5.0	000000002055841	2	000000041751787
0000100340	0000100340	0603060336	1.0	000000000060558	0.0	000000000000000	2	000000001131530
0000100341	0000100341	0603085041	8.0	000000018224952	6.0	000000000533985	2	000000024060820
0000100342	0000100342	0603085041	5.0	000000000330908	7.0	000000000788344	2	000000024518256
0000100343	0000100343	0603085041	2.0	000000000956742	4.0	000000000125078	2	000000023686592
0000100344	0000100344	0603060336	0.0	000000000000000	1.0	000000000011700	2	000000001143230
0000100345	0000100345	0603085041	2.0	000000000187663	3.0	000000000237504	2	000000023736433
0000100346	0000100346	0603060336	0.0	000000000000000	1.0	000000000012060	2	000000001155290
0000100347	0000100347	0603085041	4.0	000000000031842	15.0	000000006114725	2	000000029819316
0000100348	0000100348	0603085041	3.0	000000000774639	6.0	000000000279027	2	000000029323704
0000100349	0000100349	0603085041	3.0	000000000650078	8.0	000000000577149	2	000000029250775
0000100350	0000100350	0603085041	3.0	000000014969486	2.0	000000000052148	2	000000014333437
0000100351	0000100351	0603085041	4.0	000000000507596	9.0	000000000400715	2	000000014226556
0000100352	0000100352	0603085041	3.0	000000000447540	4.0	000000000175837	2	000000013954853
0000100353	0000100353	0603085041	5.0	000000000541119	2.0	000000000657242	2	000000014070976
0000100354	0000100354	0603085041	4.0	000000000076460	12.0	000000000744857	2	000000014739373
0000100355	0000100355	0603085041	3.0	000000000082287	7.0	000000001748536	2	000000016405622
0000100356	0000100356	0603085041	0.0	000000000000000	1.0	000000000002360	2	000000016407982
0000100357	0000100357	0603085041	10.0	000000000457345	5.0	000000000401168	2	000000016351805
0000100358	0000100358	0603085041	1.0	000000000769794	3.0	000000000569129	2	000000016151140
0000100359	0000100359	0603060336	0.0	000000000000000	1.0	000000000001044	2	000000001156334
0000100360	0000100360	0603085041	1.0	000000000283906	6.0	000000000367951	2	000000016235185
0000100361	0000100361	0603085041	0.0	000000000000000	9.0	000000000994523	2	000000017229708
0000100362	0000100362	0603085041	0.0	000000000000000	1.0	000000000120262	2	000000017349970
0000100363	0000100363	0603085041	0.0	000000000000000	1.0	000000000015886	2	000000017365856
0000100364	0000100364	0603085041	3.0	000000003384481	5.0	000000000318605	2	000000014299980
0000100365	0000100365	0603085041	1.0	000000000052590	5.0	000000000823065	2	000000015070455
0000100366	0000100366	0603060336	1.0	000000000552815	0.0	000000000000000	2	000000000603519
0000100367	0000100367	0603085041	6.0	000000003486884	15.0	000000000828075	2	000000012411646
0000100368	0000100368	0603085041	3.0	000000000261581	4.0	000000000340072	2	000000012490137
0000100369	0000100369	0603085041	5.0	000000001179301	3.0	000000000071514	2	000000011382350
0000100370	0000100370	0603085041	1.0	000000000007456	6.0	000000000705236	2	000000012080130
0000100371	0000100371	0603085041	1.0	000000000046640	4.0	000000000939003	2	000000012972493
0000100372	0000100372	0603085041	1.0	000000000045564	9.0	000000002555893	2	000000015482822
0000100373	0000100373	0603085041	2.0	000000002694559	6.0	000000001300864	2	000000014089127
0000100374	0000100374	0603085041	1.0	000000000009825	6.0	000000000608028	2	000000014687330
0000100375	0000100375	0603085041	2.0	000000000785191	2.0	000000000109917	2	000000014012056
0000100376	0000100376	0603085041	1.0	000000000441105	5.0	000000000317189	2	000000013888140
0000100377	0000100377	0603085041	2.0	000000000084265	6.0	000000000371658	2	000000014175533
0000100378	0000100378	0603085041	1.0	000000000292789	4.0	000000000112000	2	000000013994744
0000100379	0000100379	0603085041	1.0	000000000551457	8.0	000000000283815	2	000000013727102
0000100380	0000100380	0603085041	3.0	000000000041772	9.0	000000000366377	2	000000014051707
0000100381	0000100381	0603085041	7.0	000000001760657	9.0	000000001248791	2	000000013539841
0000100382	0000100382	0603085041	3.0	000000003345188	2.0	000000000033040	2	000000010227693
0000100383	0000100383	0603085041	0.0	000000000000000	4.0	000000000098529	2	000000010326222
0000100384	0000100384	0603085041	2.0	000000000472836	4.0	000000000398065	2	000000010251451
0000100385	0000100385	0603085041	1.0	000000000058448	6.0	000000000512976	2	000000010705979
0000100386	0000100386	0603085041	3.0	000000000916622	10.0	000000000415086	2	000000010204443
0000100387	0000100387	0603085041	2.0	000000000852853	9.0	000000000812236	2	000000010163826
0000100388	0000100388	0603085041	3.0	000000000668737	7.0	000000000553556	2	000000010048645
0000100389	0000100389	0603085041	3.0	000000003306903	3.0	000000000138068	2	000000006879810
0000100390	0000100390	0603085041	5.0	000000000309730	16.0	000000000782514	2	000000007352594
0000100391	0000100391	0603085041	1.0	000000000427823	5.0	000000000627116	2	000000007551887
0000100392	0000100392	0603085041	1.0	000000000088804	11.0	000000004539069	2	000000012002152
0000100393	0000100393	0603085041	3.0	000000000184477	7.0	000000003602666	2	000000015420341
0000100394	0000100394	0603085041	2.0	000000000591180	4.0	000000013234360	2	000000028063521
0000100395	0000100395	0603085041	4.0	000000000764897	1.0	000000000014027	2	000000027312651
0000100396	0000100396	0603085041	3.0	000000000236637	5.0	000000000064454	2	000000027140468
0000100397	0000100397	0603085041	5.0	000000000346212	8.0	000000010410661	2	000000037204917
0000100398	0000100398	0603085041	4.0	000000010234570	6.0	000000000341046	2	000000027311393
0000100399	0000100399	0603085041	0.0	000000000000000	7.0	000000000825670	2	000000028137063
0000100400	0000100400	0603085041	2.0	000000000504129	4.0	000000000734125	2	000000028367059
0000100401	0000100401	0603085041	1.0	000000000567865	3.0	000000000230682	2	000000028029876
0000100402	0000100402	0603085041	5.0	000000000294398	6.0	000000000352521	2	000000028087999
0000100403	0000100403	0603085041	1.0	000000001512692	3.0	000000000374999	2	000000026950306
0000100404	0000100404	0603085041	4.0	000000000653124	4.0	000000000187673	2	000000026484855
0000100405	0000100405	0603085041	1.0	000000000005705	2.0	000000000133217	2	000000026612367
0000100406	0000100406	0603085041	3.0	000000000657605	9.0	000000001100301	2	000000027055063
0000100407	0000100407	0603085041	0.0	000000000000000	3.0	000000000297996	2	000000027353059
0000100408	0000100408	0603085041	2.0	000000000102436	5.0	000000000472062	2	000000027722685
0000100409	0000100409	0603085041	2.0	000000000699483	2.0	000000000275044	2	000000027298246
0000100410	0000100410	0603085041	3.0	000000000419972	2.0	000000000019437	2	000000026897711
0000100411	0000100411	0603085041	4.0	000000014097633	5.0	000000000262454	2	000000013062532
0000100412	0000100412	0603085041	4.0	000000000245271	3.0	000000000461005	2	000000013278266
0000100413	0000100413	0603085041	2.0	000000002655201	2.0	000000000530883	2	000000011153948
0000100414	0000100414	0603085041	1.0	000000000042480	6.0	000000000221326	2	000000011332794
0000100415	0000100415	0603085041	4.0	000000000276943	10.0	000000002775519	2	000000013831370
0000100416	0000100416	0603085041	2.0	000000000322328	8.0	000000000316014	2	000000013825056
0000100417	0000100417	0603085041	1.0	000000000008520	5.0	000000000247027	2	000000014063563
0000100418	0000100418	0603085041	2.0	000000000443353	8.0	000000000936379	2	000000014556589
0000100419	0000100419	0603085041	1.0	000000000019581	3.0	000000000207483	2	000000014744491
0000100420	0000100420	0603085041	2.0	000000000480392	6.0	000000000565299	2	000000014829398
0000100421	0000100421	0603085041	1.0	000000000067980	13.0	000000000429161	2	000000015190579
0000100422	0000100422	0603085041	4.0	000000000280726	7.0	000000001676088	2	000000016585941
0000100423	0000100423	0603085041	1.0	000000000583902	5.0	000000000362888	2	000000016364927
0000100424	0000100424	0603085041	6.0	000000000188528	8.0	000000000839564	2	000000017015963
0000100425	0000100425	0603085041	1.0	000000000144560	6.0	000000000640806	2	000000017512209
0000100426	0000100426	0603085041	1.0	000000001661726	5.0	000000000045244	2	000000015895727
0000100427	0000100427	0603085041	1.0	000000000009145	3.0	000000000202921	2	000000016089503
0000100428	0000100428	0603085041	2.0	000000002362798	6.0	000000000283574	2	000000014010279
0000100429	0000100429	0603085041	2.0	000000001221778	3.0	000000000272763	2	000000013061264
0000100430	0000100430	0603085041	0.0	000000000000000	4.0	000000000595863	2	000000013657127
0000100431	0000100431	0603085041	0.0	000000000000000	8.0	000000000596750	2	000000014253877
0000100432	0000100432	0603085041	2.0	000000001111793	6.0	000000000516035	2	000000013658119
0000100433	0000100433	0603085041	3.0	000000000490602	4.0	000000000264482	2	000000013431999
0000100434	0000100434	0603085041	6.0	000000000449477	5.0	000000000710447	2	000000013692969
0000100435	0000100435	0603085041	2.0	000000002385887	4.0	000000000121126	2	000000011428208
0000100436	0000100436	0603085041	3.0	000000001164379	3.0	000000000288795	2	000000010552624
0000100437	0000100437	0603085041	0.0	000000000000000	1.0	000000000006482	2	000000010559106
0000100438	0000100438	0603085041	0.0	000000000000000	2.0	000000000313490	2	000000010872596
0000100439	0000100439	0603085041	0.0	000000000000000	4.0	000000000354404	2	000000011227000
0000100440	0000100440	0603085041	0.0	000000000000000	4.0	000000000116230	2	000000011343230
0000100441	0000100441	0603085041	3.0	000000000317226	2.0	000000000107841	2	000000011133845
0000100442	0000100442	0603085041	1.0	000000000036700	2.0	000000000154328	2	000000011251473
0000100443	0000100443	0603085041	2.0	000000000067256	4.0	000000000325381	2	000000011509598
0000100444	0000100444	0603085041	2.0	000000000087842	2.0	000000000036580	2	000000011458336
0000100445	0000100445	0603085041	5.0	000000000093707	4.0	000000000222193	2	000000011586822
0000100446	0000100446	0603085041	8.0	000000002917171	4.0	000000000032541	2	000000008702192
0000100447	0000100447	0603085041	0.0	000000000000000	9.0	000000000823604	2	000000009525796
0000100448	0000100448	0603085041	1.0	000000000300900	5.0	000000000355081	2	000000009579977
0000100449	0000100449	0603085041	2.0	000000002054029	2.0	000000000083190	2	000000007609138
0000100450	0000100450	0603085041	1.0	000000000047173	8.0	000000000506233	2	000000008068198
0000100451	0000100451	0603085041	0.0	000000000000000	4.0	000000000149976	2	000000008218174
0000100452	0000100452	0603085041	0.0	000000000000000	7.0	000000000156380	2	000000008374554
0000100453	0000100453	0603085041	4.0	000000001451222	7.0	000000000831225	2	000000007754557
0000100454	0000100454	0603085041	1.0	000000000265796	3.0	000000000148661	2	000000007637422
0000100455	0000100455	0603085041	6.0	000000001194722	10.0	000000000641495	2	000000007084195
0000100456	0000100456	0603085041	2.0	000000000459923	6.0	000000000933683	2	000000007557955
0000100457	0000100457	0603085041	0.0	000000000000000	11.0	000000002005783	2	000000009563738
0000100458	0000100458	0603085041	0.0	000000000000000	4.0	000000000036580	2	000000009600318
0000100459	0000100459	0603085041	0.0	000000000000000	3.0	000000000190502	2	000000009790820
0000100460	0000100460	0603085041	1.0	000000000187648	6.0	000000002126175	2	000000011729347
0000100461	0000100461	0603085041	2.0	000000000677361	9.0	000000000118199	2	000000011170185
0000100462	0000100462	0603085041	2.0	000000001644071	6.0	000000000269826	2	000000009795940
0000100463	0000100463	0603085041	3.0	000000000447389	8.0	000000000219099	2	000000009567650
0000100464	0000100464	0603085041	1.0	000000000011369	3.0	000000000115926	2	000000009672207
0000100465	0000100465	0603085041	5.0	000000000308069	4.0	000000000141975	2	000000009506113
0000100466	0000100466	0603085041	0.0	000000000000000	6.0	000000000199262	2	000000009705375
0000100467	0000100467	0603085041	6.0	000000000257447	8.0	000000000068325	2	000000009516253
0000100468	0000100468	0603085041	1.0	000000000003229	3.0	000000000100733	2	000000009613757
0000100469	0000100469	0603085041	5.0	000000000592364	5.0	000000000121776	2	000000009143169
0000100470	0000100470	0603085041	2.0	000000000077865	3.0	000000000101539	2	000000009166843
0000100471	0000100471	0603085041	0.0	000000000000000	3.0	000000000022840	2	000000009189683
0000100472	0000100472	0603085041	1.0	000000000042480	3.0	000000000404978	2	000000009552181
0000100473	0000100473	0603085041	2.0	000000000039886	5.0	000000000177200	2	000000009689495
0000100474	0000100474	0603085041	3.0	000000001363198	2.0	000000000008661	2	000000008334958
0000100475	0000100475	0603160603	40.0	000000000638300	53.0	000000004450544	2	000000004097145
